2019-12-31, -0.022789, -0.00016, 0.008287, -0.028917, -3.022629, 8936866397.0
2019-12-30, -0.015765, 0.000286, 0.014837, -0.023838, -2.124496, 9796951716.0
2019-12-29, 0.050149, -0.000435, 0.06615, -0.002533, 6.435272, 9708776786.0
2019-12-28, 0.00871, -1.3e-05, 0.023925, -0.002475, 1.108101, 8069298610.0
2019-12-27, 0.006754, 6e-05, 0.013741, -0.012191, 0.853386, 8299390176.0
2019-12-26, -0.000739, 0.000251, 0.035141, -0.008289, -0.093415, 8600871980.0
2019-12-25, -0.020217, 3.6e-05, 3.6e-05, -0.032375, -2.609253, 8418019054.0
2019-12-24, 0.003497, 0.000118, 0.023778, -0.010149, 0.449799, 7961819689.0
2019-12-23, -0.028393, -0.000495, 0.017823, -0.037438, -3.758423, 9622497693.0
2019-12-22, 0.033103, -0.000256, 0.03925, -0.00158, 4.241562, 9121058481.0
2019-12-21, -0.007245, 0.000232, 0.000632, -0.011265, -0.935104, 7449064703.0
2019-12-20, -0.001972, 0.000489, 0.003365, -0.018062, -0.255081, 8173594150.0
2019-12-19, -0.028334, -0.000296, 0.008253, -0.053501, -3.771058, 9564699140.0
2019-12-18, 0.085546, 0.000432, 0.088009, -0.023032, 10.488305, 11864518321.0
2019-12-17, -0.082403, 0.000248, 0.002975, -0.09145, -11.01014, 9057166141.0
2019-12-16, -0.066387, 0.000171, 0.000768, -0.074474, -9.500961, 8992282119.0
2019-12-15, 0.00172, -3e-05, 0.007392, -0.024094, 0.245758, 7235153411.0
2019-12-14, -0.014319, 6e-05, 0.004031, -0.017318, -2.075516, 7048066973.0
2019-12-13, -0.004528, 0.000355, 0.001738, -0.012757, -0.659256, 7264810247.0
2019-12-12, 0.013899, 5.3e-05, 0.014927, -0.015118, 1.996002, 7890383413.0
2019-12-11, -0.018179, 0.000366, 0.005963, -0.022026, -2.659042, 7037180049.0
2019-12-10, -0.013211, -0.000306, 0.002289, -0.02238, -1.95813, 6859512025.0
2019-12-09, -0.020094, -0.000267, 0.004292, -0.024086, -3.039551, 6744206747.0
2019-12-08, 0.016782, -0.000165, 0.024365, -0.003057, 2.496567, 6441727252.0
2019-12-07, -0.002857, 2.1e-05, 0.004057, -0.005494, -0.426285, 5911233284.0
2019-12-06, -0.000365, 0.000988, 0.002824, -0.011005, -0.05455, 6458766441.0
2019-12-05, 0.017045, -0.000417, 0.043664, -0.008782, 2.501251, 6745910228.0
2019-12-04, -0.008169, -0.000257, 0.018414, -0.019976, -1.208679, 7865937094.0
2019-12-03, -0.007398, -6e-06, 0.008394, -0.020512, -1.102737, 6204379850.0
2019-12-02, -0.014066, -6.8e-05, 0.00616, -0.023672, -2.126572, 6670561362.0
2019-12-01, -0.008876, -0.000313, -0.000313, -0.035871, -1.353958, 7102780298.0
2019-11-30, -0.0178, -0.000114, 0.008932, -0.026263, -2.764465, 6565950868.0
2019-11-29, 0.02364, 0.000336, 0.033818, -0.001695, 3.586578, 7503898278.0
2019-11-28, -0.00845, 0.000384, 0.023548, -0.012544, -1.292984, 7346531960.0
2019-11-27, 0.027157, -0.003815, 0.039755, -0.036515, 4.045486, 8778095308.0
2019-11-26, 0.016989, -0.000493, 0.024087, -0.0086, 2.488541, 7648516297.0
2019-11-25, 0.025497, -0.000964, 0.051621, -0.063236, 3.64183, 10962753356.0
2019-11-24, -0.068982, 8.3e-05, 0.003573, -0.068982, -10.583084, 7782769098.0
2019-11-23, 0.02096, -0.000372, 0.02551, -0.017748, 3.149613, 8289198330.0
2019-11-22, -0.069332, 0.000267, 0.009695, -0.118409, -11.19455, 12020749863.0
2019-11-21, -0.081023, -0.000141, 0.002908, -0.092962, -14.235626, 8546371325.0
2019-11-20, -0.009902, -0.000227, 0.008665, -0.012201, -1.757202, 7205785149.0
2019-11-19, -0.017191, -0.000316, 0.010902, -0.029699, -3.10405, 7536699743.0
2019-11-18, -0.024631, -0.00042, 0.009766, -0.032108, -4.559631, 7787662111.0
2019-11-17, 0.009659, 1.3e-05, 0.026414, -0.005517, 1.770874, 7364325471.0
2019-11-16, 0.015661, -0.000122, 0.020131, -0.002966, 2.827179, 6789888120.0
2019-11-15, -0.029454, 0.000315, 0.001356, -0.035592, -5.478455, 8815678477.0
2019-11-14, -0.012, 7.3e-05, 0.001996, -0.017351, -2.259109, 7872664470.0
2019-11-13, 0.007575, 0.00053, 0.013318, -0.004846, 1.415329, 7343173596.0
2019-11-12, 0.007298, 0.000405, 0.013254, -0.007001, 1.353775, 7792186666.0
2019-11-11, -0.021045, 0.000135, 0.004545, -0.023174, -3.987641, 7877424106.0
2019-11-10, 0.024043, -0.000461, 0.031843, -0.001848, 4.448563, 8752784211.0
2019-11-09, 0.004436, 0.000544, 0.008833, -0.001679, 0.817245, 7277418704.0
2019-11-08, -0.020029, -0.000278, 0.004466, -0.028914, -3.765075, 9176780911.0
2019-11-07, -0.01888, -0.000467, 0.001395, -0.026237, -3.617295, 9081247799.0
2019-11-06, 0.012095, -0.001007, 0.022414, -0.003362, 2.289673, 10156458684.0
2019-11-05, 0.015824, -0.000246, 0.026308, -0.010857, 2.948975, 10024177342.0
2019-11-04, 0.021544, -0.000581, 0.030686, -0.003308, 3.930176, 10551917945.0
2019-11-03, -0.008159, 0.000376, 0.005972, -0.022333, -1.500702, 8760247744.0
2019-11-02, -0.00024, 0.000262, 0.009453, -0.006372, -0.044174, 8087991830.0
2019-11-01, 1.6e-05, -0.000887, 0.00594, -0.015614, 0.002975, 9145611130.0
2019-10-31, -0.003927, 0.000571, 0.021978, -0.025035, -0.72525, 9607939606.0
2019-10-30, -0.029685, -3.2e-05, 0.004042, -0.046212, -5.650406, 10484902804.0
2019-10-29, 0.042043, 4.1e-05, 0.050278, -0.001634, 7.679764, 10622761958.0
2019-10-28, -0.008572, 0.000843, 0.019762, -0.021671, -1.579407, 10406734124.0
2019-10-27, 0.024504, 0.00054, 0.046264, -0.011973, 4.406738, 10815941952.0
2019-10-26, -0.009298, 0.000793, 0.079435, -0.02969, -1.687729, 13831784986.0
2019-10-25, 0.119349, 0.000131, 0.128456, -0.001249, 19.35466, 10358594018.0
2019-10-24, -0.001442, 0.000686, 0.010744, -0.009328, -0.234237, 7300917537.0
2019-10-23, -0.057446, -0.000221, 0.000695, -0.086114, -9.898072, 9624925919.0
2019-10-22, -0.014979, -9.1e-05, 0.004168, -0.015177, -2.620132, 6990951966.0
2019-10-21, -0.003494, -5.5e-05, 0.012575, -0.012799, -0.613388, 6815820627.0
2019-10-20, 0.01516, 0.000357, 0.022009, -0.009845, 2.621353, 6801091120.0
2019-10-19, -0.00408, 0.000162, 0.011444, -0.008097, -0.708313, 6551453871.0
2019-10-18, -0.024755, -0.000224, 0.000851, -0.03945, -4.407013, 7566257807.0
2019-10-17, 0.011447, -0.000606, 0.016397, -0.008225, 2.014847, 6737237423.0
2019-10-16, -0.029726, -0.000344, 0.001447, -0.040472, -5.392563, 7691244590.0
2019-10-15, -0.029711, 8.6e-05, 0.004273, -0.040105, -5.55484, 7731456579.0
2019-10-14, 0.026834, -0.000256, 0.028716, -0.002268, 4.885757, 7276520699.0
2019-10-13, 0.006904, 0.000192, 0.023499, -0.002818, 1.248505, 6733182273.0
2019-10-12, -0.009547, -0.000195, 0.020459, -0.014158, -1.743042, 7494328840.0
2019-10-11, -0.047428, 0.000738, 0.019092, -0.052165, -9.089981, 9128522970.0
2019-10-10, -0.008451, -0.000529, 0.003123, -0.025799, -1.633591, 8375913276.0
2019-10-09, 0.061925, 8.1e-05, 0.067459, -0.007434, 11.271698, 9088122101.0
2019-10-08, 0.00461, -0.000403, 0.017516, -0.011331, 0.835221, 7466282780.0
2019-10-07, 0.046962, -0.000686, 0.053723, -0.008849, 8.127197, 7844316834.0
2019-10-06, -0.018669, 7.3e-05, 0.005744, -0.028646, -3.292374, 5852890674.0
2019-10-05, -0.003579, -0.000219, 0.004115, -0.022123, -0.633484, 5837211771.0
2019-10-04, 0.010192, 0.000223, 0.019137, -0.009334, 1.78566, 6248928449.0
2019-10-03, -0.030497, -3.8e-05, 0.000491, -0.044882, -5.511169, 6381403725.0
2019-10-02, 0.019003, -0.000656, 0.019655, -0.011312, 3.370086, 6335595250.0
2019-10-01, -0.014075, 0.001873, 0.028761, -0.022569, -2.531784, 7676276225.0
2019-09-30, 0.054947, -0.000247, 0.054947, -0.020333, 9.368729, 7552915148.0
2019-09-29, -0.023311, 0.000228, 0.003651, -0.043393, -4.069412, 6497088199.0
2019-09-28, -0.00079, -0.000173, 0.006111, -0.022535, -0.138108, 6895423445.0
2019-09-27, 0.047886, -0.000452, 0.053283, -0.021098, 7.983872, 7909313625.0
2019-09-26, -0.024375, -0.000795, 0.004681, -0.080532, -4.165573, 7848286154.0
2019-09-25, 0.016548, 0.000136, 0.039314, -0.019019, 2.781967, 9766632018.0
2019-09-24, -0.167444, -0.000392, 0.007821, -0.194103, -33.810577, 11757739233.0
2019-09-23, -0.045494, 0.000793, 0.001395, -0.045655, -9.62407, 7494673136.0
2019-09-22, -0.018425, -0.000138, 0.002645, -0.036523, -3.970825, 7812854576.0
2019-09-21, -0.01162, -0.0007, 0.013338, -0.013987, -2.533844, 7743309778.0
2019-09-20, -0.0146, -0.000955, 0.001436, -0.027663, -3.230804, 8027974273.0
2019-09-19, 0.046775, -0.00069, 0.0543, -0.031729, 9.887817, 10620070913.0
2019-09-18, 0.013347, -0.002676, 0.038842, -0.002676, 2.784287, 9194634557.0
2019-09-17, 0.05832, 8e-06, 0.084311, -0.002018, 11.495575, 10232590812.0
2019-09-16, 0.03859, -0.000526, 0.044343, -0.000526, 7.32405, 8242029488.0
2019-09-15, 0.00895, -0.000197, 0.012194, -0.008815, 1.683609, 6222874780.0
2019-09-14, 0.038627, 0.00117, 0.040512, -0.004072, 6.995789, 6500686511.0
2019-09-13, 0.000517, -0.000224, 0.002664, -0.013447, 0.093628, 5955041237.0
2019-09-12, 0.012816, 0.000438, 0.018313, -0.004914, 2.290604, 5838605477.0
2019-09-11, -0.005905, 0.000291, 0.010959, -0.018279, -1.061676, 7157139035.0
2019-09-10, -0.00752, 0.00035, 0.016086, -0.01671, -1.36229, 6291476772.0
2019-09-09, -0.001136, 3.8e-05, 0.015406, -0.021704, -0.20607, 7232938985.0
2019-09-08, 0.01735, 0.000112, 0.026447, -0.000674, 3.092911, 6472677266.0
2019-09-07, 0.048874, -5e-06, 0.064107, -0.003013, 8.306442, 6791531342.0
2019-09-06, -0.024458, -0.000258, 0.020099, -0.033727, -4.260956, 6797611878.0
2019-09-05, -0.01009, -0.000151, 0.000972, -0.024126, -1.775756, 5589476516.0
2019-09-04, -0.019535, -4.1e-05, 0.00355, -0.023253, -3.50644, 5938120494.0
2019-09-03, 0.006459, 5.8e-05, 0.022432, -0.013329, 1.151978, 6962728938.0
2019-09-02, 0.039142, 0.000397, 0.049617, -0.006862, 6.717926, 6503447137.0
2019-09-01, -0.004873, -6.6e-05, 0.007115, -0.017038, -0.840363, 5554799576.0
2019-08-31, 0.021529, 0.000314, 0.032512, -0.006114, 3.634919, 5830212249.0
2019-08-30, -0.004022, -0.000162, 0.007414, -0.014425, -0.68187, 5776520220.0
2019-08-29, -0.025149, 0.000395, 0.000612, -0.03864, -4.37323, 7129569083.0
2019-08-28, -0.072669, -0.000113, 0.002209, -0.081758, -13.626694, 6696604087.0
2019-08-27, -0.007477, 0.000109, 0.000179, -0.018295, -1.412719, 6042327402.0
2019-08-26, 0.01117, -0.000572, 0.035323, -0.000572, 2.08699, 7207986636.0
2019-08-25, -0.023248, -0.000286, 0.004568, -0.033064, -4.447174, 5826017143.0
2019-08-24, -0.017548, -0.000178, 0.000405, -0.036357, -3.416641, 6249737982.0
2019-08-23, 0.01763, -0.001181, 0.023904, -0.009254, 3.373291, 6658162377.0
2019-08-22, 0.023764, 0.000265, 0.040258, -0.018765, 4.441284, 7569043874.0
2019-08-21, -0.049214, 0.000286, 0.00235, -0.070593, -9.673782, 7775772700.0
2019-08-20, -0.032136, -0.001373, -0.000374, -0.036793, -6.52652, 6408417610.0
2019-08-19, 0.044209, 0.000321, 0.046617, -0.007123, 8.598404, 6145148692.0
2019-08-18, 0.047423, 0.000826, 0.063735, -0.010746, 8.805847, 5969012024.0
2019-08-17, 0.001335, 0.000494, 0.006811, -0.015348, 0.247604, 5512696513.0
2019-08-16, -0.016244, 0.000754, 0.002141, -0.043062, -3.061981, 7133915837.0
2019-08-15, 0.010151, 0.000406, 0.015296, -0.045363, 1.894318, 8197244441.0
2019-08-14, -0.105895, -0.000503, 0.001712, -0.107217, -22.101303, 7444456154.0
2019-08-13, -0.012206, 0.000259, 0.000456, -0.027761, -2.579026, 5946313205.0
2019-08-12, -0.022235, -0.000171, 0.00023, -0.023816, -4.804794, 5674315559.0
2019-08-11, 0.045272, -6e-06, 0.047719, -0.001077, 9.359329, 6440605605.0
2019-08-10, -0.017841, 0.000196, 0.015421, -0.031811, -3.755371, 6584748527.0
2019-08-09, -0.047311, -0.00015, 0.001912, -0.057463, -10.452957, 6964818795.0
2019-08-08, -0.02407, 0.000563, 0.001695, -0.043618, -5.449142, 6713525644.0
2019-08-07, 0.001639, -0.000422, 0.016087, -0.014358, 0.370361, 7020342210.0
2019-08-06, -0.034987, 0.00013, 0.020925, -0.04553, -8.194382, 7647742672.0
2019-08-05, 0.051849, -8.5e-05, 0.058228, -0.000296, 11.545303, 7765060287.0
2019-08-04, 0.000806, 0.000407, 0.007807, -0.01797, 0.179383, 5238542572.0
2019-08-03, 0.0212, 0.00011, 0.030989, -0.002478, 4.618774, 5697798687.0
2019-08-02, 0.00029, 0.000349, 0.020082, -0.008414, 0.063126, 6159440229.0
2019-08-01, -0.003868, -0.000455, 0.000725, -0.02625, -0.845703, 5965442642.0
2019-07-31, 0.038626, -0.000143, 0.038626, -0.000402, 8.131546, 6003828340.0
2019-07-30, -0.003528, 0.000337, 0.011104, -0.020829, -0.745453, 5489918859.0
2019-07-29, 0.000386, -0.000298, 0.013, -0.01147, 0.081497, 5485190664.0
2019-07-28, 0.018216, 2.6e-05, 0.02234, -0.024856, 3.778244, 5504887934.0
2019-07-27, -0.055645, -5.5e-05, 0.017701, -0.067048, -12.221298, 6257703908.0
2019-07-26, 5.3e-05, 4.6e-05, 0.002816, -0.025008, 0.011612, 5729852178.0
2019-07-25, 0.011848, -0.000356, 0.033209, -0.004198, 2.571625, 6731281160.0
2019-07-24, 0.020297, -0.000821, 0.022596, -0.041532, 4.317855, 7168982843.0
2019-07-23, -0.022208, 3.9e-05, 0.004404, -0.036412, -4.831497, 6976091534.0
2019-07-22, -0.03577, 0.000301, 0.005459, -0.053993, -8.070755, 6338843919.0
2019-07-21, -0.015225, 0.000212, 0.00324, -0.044045, -3.488449, 6685082868.0
2019-07-20, 0.035177, 0.000358, 0.058125, -0.00065, 7.785797, 7976245988.0
2019-07-19, -0.023096, 0.000404, 0.001652, -0.04735, -5.232742, 7606433131.0
2019-07-18, 0.071311, -0.000191, 0.083951, -0.0163, 15.081192, 9327816059.0
2019-07-17, 0.061732, -0.000612, 0.094317, -0.026097, 12.296295, 9387747640.0
2019-07-16, -0.133118, -0.000119, 0.020619, -0.140999, -30.587326, 9036620494.0
2019-07-15, 0.009658, 0.0017, 0.032725, -0.07552, 2.197937, 9723674244.0
2019-07-14, -0.155425, -0.000658, 0.000677, -0.156572, -41.880737, 8578339386.0
2019-07-13, -0.024678, 4.5e-05, 0.001479, -0.047809, -6.817902, 6716829429.0
2019-07-12, 0.028182, -4.4e-05, 0.03778, -0.00262, 7.572662, 8148936015.0
2019-07-11, -0.073442, -0.000194, 6.5e-05, -0.08244, -21.298278, 10216287022.0
2019-07-10, -0.06112, -9.6e-05, 0.01356, -0.075483, -18.878693, 11679985167.0
2019-07-09, -0.013952, 0.000235, 0.015871, -0.025429, -4.370392, 10055159803.0
2019-07-08, 0.0247, 0.000112, 0.028025, -0.007197, 7.550842, 9078905628.0
2019-07-07, 0.063132, 0.000196, 0.078569, -0.005001, 18.153443, 8119724981.0
2019-07-06, -0.001564, -0.00036, 0.027757, -0.004624, -0.450409, 7674615025.0
2019-07-05, 0.012211, -0.0005, 0.03303, -0.006427, 3.474304, 8723493015.0
2019-07-04, -0.061289, -0.000247, 0.002841, -0.067088, -18.576752, 8403513106.0
2019-07-03, 0.03945, 0.000577, 0.04028, -0.000668, 11.50354, 9926711979.0
2019-07-02, -0.006963, -0.000354, 0.006861, -0.071647, -2.044677, 10618413952.0
2019-07-01, 0.010131, -0.001471, 0.035536, -0.036716, 2.945129, 10292223948.0
2019-06-30, -0.091742, -0.001484, 0.008532, -0.091742, -29.362915, 10303111000.0
2019-06-29, 0.028381, 0.000187, 0.034758, -0.052927, 8.832794, 10929374565.0
2019-06-28, 0.057629, -0.000423, 0.063765, -0.004512, 16.958466, 11514656820.0
2019-06-27, -0.126162, 0.000614, 0.019837, -0.172767, -42.485535, 14038092503.0
2019-06-26, 0.058552, -0.00042, 0.136023, -0.006826, 18.626862, 16437084081.0
2019-06-25, 0.02481, 0.000818, 0.02481, -0.00896, 7.701629, 9641764965.0
2019-06-24, 0.008436, -0.000343, 0.014624, -0.02686, 2.596894, 8205712062.0
2019-06-23, -0.005018, 0.000118, 0.02969, -0.011687, -1.552521, 8161062380.0
2019-06-22, 0.049066, 0.000694, 0.068765, -0.000617, 14.470032, 10613731255.0
2019-06-21, 0.085446, 0.000177, 0.086893, 0.000177, 23.215271, 9331694140.0
2019-06-20, 0.0084, -8.9e-05, 0.017228, -0.014591, 2.263214, 6408981097.0
2019-06-19, 0.016525, 1.9e-05, 0.019926, -0.001121, 4.379944, 5516510947.0
2019-06-18, -0.033895, -0.000112, -0.000112, -0.040848, -9.299256, 6205242504.0
2019-06-17, 0.019047, -0.000493, 0.023101, -0.003229, 5.127899, 6009795781.0
2019-06-16, 0.000758, -0.000439, 0.033915, -0.012951, 0.203888, 9676746453.0
2019-06-15, 0.018675, -0.000581, 0.02809, -0.007445, 4.931855, 8126853944.0
2019-06-14, 0.030912, 4.2e-05, 0.035924, -0.007891, 7.91867, 8676891267.0
2019-06-13, -0.018147, 3.9e-05, 0.004829, -0.020341, -4.734497, 8442077836.0
2019-06-12, 0.061524, 0.000585, 0.061989, -0.005251, 15.12146, 8645598618.0
2019-06-11, -0.007023, 0.001382, 0.004616, -0.031087, -1.738296, 7382269700.0
2019-06-10, 0.061923, -0.001101, 0.062532, -0.016067, 14.433426, 8141159848.0
2019-06-09, -0.051483, -0.000804, 0.000955, -0.067066, -12.651398, 7566421456.0
2019-06-08, -0.020692, 0.001271, 0.005767, -0.030691, -5.192261, 7225996863.0
2019-06-07, 0.005836, -0.000557, 0.019553, -0.01153, 1.456024, 8379534528.0
2019-06-06, 0.009809, -0.000509, 0.011712, -0.034608, 2.423325, 8265146806.0
2019-06-05, 0.023669, 0.000656, 0.028173, -0.005616, 5.712219, 8548917062.0
2019-06-04, -0.044611, -0.000381, -0.000381, -0.065242, -11.269134, 10132549747.0
2019-06-03, -0.065196, -0.000507, 0.000402, -0.070176, -17.6176, 9375712917.0
2019-06-02, 0.018216, 0.000458, 0.027943, -0.001317, 4.834259, 8744111713.0
2019-06-01, -0.010153, 0.001193, 0.020306, -0.017116, -2.72229, 9942869852.0
2019-05-31, 0.047896, 0.000611, 0.050031, -0.02637, 12.254608, 11255023515.0
2019-05-30, -0.05046, 0.000357, 0.065858, -0.082043, -13.59674, 13604268584.0
2019-05-29, -0.008511, 3.8e-05, 0.007313, -0.031929, -2.313019, 9819132174.0
2019-05-28, -0.004009, -0.000997, 0.005344, -0.019601, -1.093933, 10362846898.0
2019-05-27, 0.021691, 0.00027, 0.042826, -0.006084, 5.792999, 12074664736.0
2019-05-26, 0.060811, -0.000139, 0.06914, -0.017932, 15.309769, 9664267731.0
2019-05-25, 0.009118, 0.000838, 0.031552, -0.001588, 2.274887, 8924985385.0
2019-05-24, 0.014308, 8.7e-05, 0.037784, -0.011081, 3.519317, 9929433206.0
2019-05-23, 0.005177, -0.000138, 0.011924, -0.044568, 1.266754, 10671663487.0
2019-05-22, -0.041208, -0.000864, 0.014051, -0.048921, -10.516967, 9818257463.0
2019-05-21, 0.013307, -0.00086, 0.040669, -0.014564, 3.351471, 11545049593.0
2019-05-20, -0.036081, -9.5e-05, 0.000991, -0.074585, -9.427796, 10834541285.0
2019-05-19, 0.1138, -0.000621, 0.124239, -0.003566, 26.696976, 12049250894.0
2019-05-18, -0.037616, 0.000602, 0.010659, -0.04375, -9.169357, 10933142646.0
2019-05-17, -0.076684, -0.000612, 0.011248, -0.137277, -20.245423, 16037551694.0
2019-05-16, 0.068204, -0.000854, 0.114267, -0.005494, 16.856949, 18661465873.0
2019-05-15, 0.138175, -0.000638, 0.139527, -0.001503, 30.004486, 13460006534.0
2019-05-14, 0.103138, -0.000549, 0.106826, -0.004021, 20.302292, 12751049755.0
2019-05-13, 0.050826, 0.000494, 0.094877, -0.01078, 9.520966, 10367149039.0
2019-05-12, -0.035918, -0.000727, 0.038996, -0.054813, -6.97902, 10326050090.0
2019-05-11, 0.12222, -2e-05, 0.175138, -2e-05, 21.161591, 12578331654.0
2019-05-10, 0.016756, 0.000139, 0.032861, -0.007622, 2.853439, 8036919053.0
2019-05-09, -0.003854, 2.2e-05, 0.011303, -0.021646, -0.658859, 6546914198.0
2019-05-08, 0.00677, 0.000622, 0.014045, -0.019961, 1.149506, 6416569598.0
2019-05-07, -0.016533, -0.001309, 0.044837, -0.017135, -2.854554, 8411140170.0
2019-05-06, 0.056301, -0.00069, 0.07531, -0.021184, 9.202515, 7540096853.0
2019-05-05, -0.003511, -6.9e-05, 0.008373, -0.026373, -0.575882, 5938415562.0
2019-05-04, -0.023375, -0.000388, 0.016037, -0.036683, -3.925827, 6658100049.0
2019-05-03, 0.035958, -0.000294, 0.049012, -0.006428, 5.829621, 7299410672.0
2019-05-02, 0.008111, 0.000219, 0.013174, -0.004711, 1.304443, 6044171062.0
2019-05-01, -0.008311, 0.000127, 0.011683, -0.015452, -1.347687, 5789172433.0
2019-04-30, 0.044871, -0.000188, 0.046586, -0.000188, 6.964035, 6275803460.0
2019-04-29, -0.013307, -2.6e-05, 0.006604, -0.02612, -2.093078, 6053776253.0
2019-04-28, -0.007195, 0.000409, 0.007135, -0.008265, -1.139863, 5379894433.0
2019-04-27, 0.013354, -0.000488, 0.027134, -0.004638, 2.087845, 5863109118.0
2019-04-26, 0.012221, 0.000777, 0.02311, -0.015368, 1.887696, 7505283355.0
2019-04-25, -0.068546, 0.000535, 0.004145, -0.072239, -11.3667, 6820332362.0
2019-04-24, -0.03279, -0.000573, 0.000731, -0.055242, -5.621704, 7351304156.0
2019-04-23, -0.002484, 0.000771, 0.028952, -0.00569, -0.426864, 7097827092.0
2019-04-22, 0.010751, -0.000171, 0.017775, -0.007745, 1.82814, 6094878077.0
2019-04-21, -0.021322, -0.000206, 0.003853, -0.036389, -3.704742, 6005571688.0
2019-04-20, 0.000247, 6e-05, 0.017255, -0.011051, 0.042831, 6142567812.0
2019-04-19, -0.000607, -0.00015, 0.000949, -0.018375, -0.105591, 6541053061.0
2019-04-18, 0.04111, -0.000225, 0.050401, -0.001669, 6.863266, 6971581464.0
2019-04-17, -0.004013, -0.000416, 0.007846, -0.012657, -0.672684, 5596102715.0
2019-04-16, 0.03744, -0.000295, 0.037705, -0.004242, 6.049271, 5180105341.0
2019-04-15, -0.037324, 0.000351, 0.005839, -0.04935, -6.264343, 5672311824.0
2019-04-14, 0.020212, -0.000226, 0.024786, -0.010527, 3.325165, 4846298303.0
2019-04-13, -0.001354, -0.000689, 0.009871, -0.010468, -0.222977, 4959301561.0
2019-04-12, -0.004596, -0.000978, 0.00381, -0.026993, -0.760697, 6237185309.0
2019-04-11, -0.066768, 3e-05, 0.000846, -0.08468, -11.840454, 7859383417.0
2019-04-10, 0.006944, -0.000265, 0.039859, -0.005021, 1.222901, 7856924879.0
2019-04-09, -0.022991, -0.000204, -2.5e-05, -0.028665, -4.144242, 7632529578.0
2019-04-08, 0.032815, -0.00047, 0.056415, -0.002124, 5.727173, 9304964610.0
2019-04-07, 0.05173, 0.000181, 0.055837, -0.006117, 8.584442, 7596176020.0
2019-04-06, 0.002612, -2.2e-05, 0.042298, -0.022447, 0.432358, 7167016221.0
2019-04-05, 0.047214, -0.000206, 0.058005, -0.003851, 7.462311, 7531316908.0
2019-04-04, -0.021097, -0.000167, 0.021494, -0.038509, -3.406265, 7953123529.0
2019-04-03, -0.015265, 0.000286, 0.087583, -0.040495, -2.502945, 10622456246.0
2019-04-02, 0.156042, 6.5e-05, 0.164961, -0.001367, 22.131424, 9826645698.0
2019-04-01, 0.002235, -0.000344, 0.00862, -0.005487, 0.316223, 4611999536.0
2019-03-31, -0.004072, 0.000328, 0.000679, -0.00982, -0.578583, 4249050197.0
2019-03-30, -0.00284, -0.00097, 0.049936, -0.010286, -0.404739, 5144662127.0
2019-03-29, 0.022099, -0.000526, 0.022471, -0.009836, 3.080948, 5125602702.0
2019-03-28, -0.011148, 0.000125, 0.00014, -0.018179, -1.571686, 4163212475.0
2019-03-27, 0.040808, -4.4e-05, 0.041452, -0.000876, 5.527801, 5228240093.0
2019-03-26, 0.00318, 0.000173, 0.00318, -0.009433, 0.429337, 4499271679.0
2019-03-25, -0.014278, 0.000689, 0.005171, -0.025526, -1.955902, 4480516753.0
2019-03-24, -0.009064, 0.000546, 0.000982, -0.013933, -1.252945, 4266845458.0
2019-03-23, 0.007716, -0.001032, 0.016066, -0.001964, 1.058426, 4436568613.0
2019-03-22, 0.003991, -0.00054, 0.015795, -0.002982, 0.545379, 4490899266.0
2019-03-21, -0.02879, -0.001478, 0.002252, -0.034338, -4.050293, 5087247796.0
2019-03-20, 0.00119, -0.000245, 0.003034, -0.015743, 0.16716, 4664134462.0
2019-03-19, 0.008212, -0.000865, 0.011584, -0.001662, 1.144593, 4251488129.0
2019-03-18, -0.004471, 0.000745, 0.01619, -0.008279, -0.625946, 4551739879.0
2019-03-17, -0.016837, -0.001123, -0.000184, -0.021592, -2.397629, 3827157729.0
2019-03-16, 0.034181, 0.001599, 0.04987, 0.001599, 4.70639, 4839003569.0
2019-03-15, 0.029767, -0.00108, 0.035027, -0.00108, 3.980194, 4506861856.0
2019-03-14, 0.003366, -0.000444, 0.014391, -0.00385, 0.448517, 4476532147.0
2019-03-13, -0.008776, 0.001256, 0.001256, -0.012817, -1.179809, 4265162099.0
2019-03-12, 0.004549, 0.001336, 0.010755, -0.021593, 0.608856, 4709988000.0
2019-03-11, -0.021385, 0.000664, 0.004349, -0.026732, -2.924652, 4689807419.0
2019-03-10, -0.008746, 0.00156, 0.002211, -0.016523, -1.20665, 4578438499.0
2019-03-09, 0.021004, -0.001773, 0.029545, -0.00333, 2.838257, 5011918715.0
2019-03-08, -0.021063, 0.002006, 0.01061, -0.032433, -2.907425, 4678816794.0
2019-03-07, -0.005439, 0.001103, 0.014904, -0.010925, -0.754852, 4339206292.0
2019-03-06, 0.007016, 0.000989, 0.015574, -0.012164, 0.966964, 4589054219.0
2019-03-05, 0.078641, 0.000147, 0.081831, -0.00813, 10.048264, 4764849990.0
2019-03-04, -0.03384, -0.000692, 0.003627, -0.051771, -4.475296, 4008171341.0
2019-03-03, -0.014586, 0.004315, 0.012237, -0.021445, -1.957535, 3454374053.0
2019-03-02, -0.016393, -0.000686, 0.005432, -0.029369, -2.236664, 3747176425.0
2019-03-01, -0.002213, 0.000658, 0.016447, -0.002278, -0.302627, 3756124824.0
2019-02-28, 0.004557, 0.001154, 0.01999, -0.003441, 0.620285, 4535438953.0
2019-02-27, -0.014221, -0.000435, 0.02351, -0.046975, -1.963715, 4469776860.0
2019-02-26, -0.012396, -0.001264, 0.001098, -0.023195, -1.733185, 3791292839.0
2019-02-25, 0.029224, -0.002598, 0.049119, -0.002715, 3.9702, 4914392068.0
2019-02-24, -0.14448, 0.000674, 0.042534, -0.14448, -22.942764, 5957715043.0
2019-02-23, 0.06508, -0.002789, 0.067297, -0.011814, 9.702972, 4519468458.0
2019-02-22, 0.020267, -0.000394, 0.021472, -0.006325, 2.961609, 3731099284.0
2019-02-21, -0.022891, -0.001351, -0.001351, -0.033369, -3.423493, 3995766856.0
2019-02-20, 0.028953, -0.001193, 0.028953, -0.019568, 4.208146, 4500094965.0
2019-02-19, -0.005148, 0.002056, 0.026226, -0.006639, -0.752182, 5310842625.0
2019-02-18, 0.09356, -0.004239, 0.105448, -0.004468, 12.499496, 5387525773.0
2019-02-17, 0.083877, -0.000634, 0.090864, -0.001368, 10.338661, 4236081130.0
2019-02-16, 0.009499, 0.002425, 0.016662, 0.001596, 1.159828, 2905833287.0
2019-02-15, 0.00585, 0.000523, 0.018699, -0.000151, 0.710183, 3021741615.0
2019-02-14, -0.009493, -0.001115, 0.01549, -0.009944, -1.163399, 3331701628.0
2019-02-13, -0.000152, -0.000228, 0.024299, -0.00783, -0.018685, 3386585799.0
2019-02-12, 0.010502, -0.000988, 0.017889, -0.014002, 1.273896, 3149576429.0
2019-02-11, -0.028108, 0.000521, 0.000521, -0.036014, -3.508095, 3222473887.0
2019-02-10, 0.04501, -0.000184, 0.045405, -0.019468, 5.375603, 3148766590.0
2019-02-09, 0.001368, -0.00045, 0.011923, -0.010626, 0.163139, 2884650400.0
2019-02-08, 0.140933, 0.00105, 0.14608, -0.003261, 14.732445, 3656841347.0
2019-02-07, -0.00366, -0.000796, 0.010862, -0.004862, -0.383988, 2326764622.0
2019-02-06, -0.023494, 0.001171, 0.001171, -0.041966, -2.524231, 2593048199.0
2019-02-05, -0.003507, -0.001794, 0.002905, -0.008456, -0.378082, 2515863999.0
2019-02-04, 0.00306, 0.001239, 0.011241, -0.003956, 0.328934, 2491888675.0
2019-02-03, -0.026601, 0.000544, 0.003596, -0.035011, -2.937592, 2519334757.0
2019-02-02, 0.02621, -0.001332, 0.028288, -0.00786, 2.820473, 2385157838.0
2019-02-01, 0.005126, 0.00081, 0.014736, -0.018816, 0.548775, 2541271519.0
2019-01-31, -0.016955, -6.2e-05, 0.01424, -0.021873, -1.846527, 2828796031.0
2019-01-30, 0.031339, -0.001809, 0.036504, -0.007144, 3.309326, 2874370355.0
2019-01-29, -0.009304, 0.001238, 0.005402, -0.024306, -0.99176, 2900418606.0
2019-01-28, -0.060097, -0.001059, 0.002495, -0.088786, -6.815316, 3366895505.0
2019-01-27, -0.02647, 0.000185, 0.001688, -0.02647, -3.08345, 2775888287.0
2019-01-26, 0.000949, -4.1e-05, 0.014657, -0.003418, 0.110397, 2412181169.0
2019-01-25, -0.008389, 0.001977, 0.00375, -0.01306, -0.984543, 2606881898.0
2019-01-24, -0.000764, 8.7e-05, 0.004934, -0.01231, -0.089721, 2520843420.0
2019-01-23, -0.010905, -0.000284, 0.005686, -0.019966, -1.294945, 2556952198.0
2019-01-22, 0.013569, -0.000402, 0.021394, -0.021178, 1.589699, 2552507405.0
2019-01-21, -0.019393, 0.001353, 0.002014, -0.027766, -2.316979, 2421720343.0
2019-01-20, -0.040509, 0.000911, 0.004428, -0.046713, -5.044189, 2964108269.0
2019-01-19, 0.028996, 0.004993, 0.040443, 0.001246, 3.508758, 3048261797.0
2019-01-18, -0.022075, -0.000705, 0.000806, -0.028285, -2.731658, 2305389800.0
2019-01-17, 0.001577, 0.000214, 0.005857, -0.022097, 0.194854, 2594091285.0
2019-01-16, 0.012409, -0.001831, 0.041674, -0.004845, 1.514351, 2746469340.0
2019-01-15, -0.054514, 0.000805, 0.012976, -0.067849, -7.036011, 2735449164.0
2019-01-14, 0.104116, 0.000695, 0.119411, 0.000597, 12.170922, 2798085735.0
2019-01-13, -0.071993, -0.000471, 0.002392, -0.078438, -9.068726, 2268263944.0
2019-01-12, -0.012402, -0.000159, 0.008764, -0.016477, -1.581795, 2212109224.0
2019-01-11, -0.008372, -0.006307, 0.011979, -0.02628, -1.076858, 2667585234.0
2019-01-10, -0.147065, 0.000268, 0.00892, -0.160963, -22.177933, 3397734456.0
2019-01-09, 0.002949, 0.001297, 0.021699, -0.000474, 0.443482, 2369241197.0
2019-01-08, -0.008831, 0.001769, 0.0127, -0.019972, -1.339585, 2459808140.0
2019-01-07, -0.038334, 0.000401, 0.004464, -0.041811, -6.046982, 2712108388.0
2019-01-06, 0.013542, 0.001064, 0.023984, -0.022826, 2.107605, 3231294371.0
2019-01-05, 0.006836, -0.001582, 0.040386, -0.001582, 1.056656, 3338211928.0
2019-01-04, 0.036523, -0.001489, 0.051926, -0.008234, 5.44693, 3126192535.0
2019-01-03, -0.038135, 0.000957, 0.005259, -0.050625, -5.912674, 2676164880.0
2019-01-02, 0.101039, 0.004972, 0.1144, -0.001196, 14.228272, 3328240369.0
2019-01-01, 0.055869, 0.000374, 0.060204, -0.00538, 7.451156, 2258709868.0
2018-12-31, -0.046412, 0.001227, 0.0023, -0.052482, -6.491195, 2358360234.0
2018-12-30, 0.01334, -0.002832, 0.019351, -0.029243, 1.84111, 2660086834.0
2018-12-29, 0.002698, 0.00597, 0.068198, -0.022353, 0.371323, 3169029972.0
2018-12-28, 0.18075, 0.002765, 0.18075, -0.007573, 21.071106, 3130201009.0
2018-12-27, -0.115949, 0.000439, 0.006153, -0.12297, -15.289719, 2612804378.0
2018-12-26, 0.015567, 0.000343, 0.052624, -0.027351, 2.021286, 2720469126.0
2018-12-25, -0.074114, 0.005416, 0.005416, -0.10785, -10.393662, 3298280609.0
2018-12-24, 0.072441, -0.000945, 0.205738, -0.000945, 9.472748, 4370343387.0
2018-12-23, 0.119954, 0.004406, 0.139739, 0.004406, 14.00576, 3579715061.0
2018-12-22, 0.066333, -0.000368, 0.066333, -0.018202, 7.263268, 2338772939.0
2018-12-21, -0.057828, -0.003282, 0.024758, -0.074276, -6.720642, 2632539990.0
2018-12-20, 0.14761, -0.001759, 0.157024, -0.006207, 14.948295, 3063842618.0
2018-12-19, 0.001544, 0.005651, 0.073548, -0.004164, 0.156121, 2456482115.0
2018-12-18, 0.062844, -0.000271, 0.065028, -0.022761, 5.97863, 2277514076.0
2018-12-17, 0.115781, 0.001408, 0.135382, 0.001408, 9.871727, 2101453024.0
2018-12-16, 0.009726, 0.000339, 0.037036, 0.000339, 0.821289, 1565817037.0
2018-12-15, 0.001572, -0.000339, 0.01227, -0.017536, 0.132515, 1496176898.0
2018-12-14, -0.02578, 0.001052, 0.006998, -0.038281, -2.231018, 1651491877.0
2018-12-13, -0.044749, 0.000684, 0.005721, -0.056019, -4.053986, 1754475622.0
2018-12-12, 0.018528, -0.003762, 0.037048, -0.007665, 1.647995, 1533050103.0
2018-12-11, -0.029889, -0.001164, 0.011961, -0.043597, -2.740349, 1707497898.0
2018-12-10, -0.036329, -0.001575, 0.011722, -0.04717, -3.456405, 1756437577.0
2018-12-09, 0.032361, -0.001348, 0.073138, -0.012243, 2.982422, 1875567180.0
2018-12-08, -0.012165, 0.001238, 0.040359, -0.069338, -1.134926, 1855759401.0
2018-12-07, 0.016712, -0.001212, 0.047175, -0.090358, 1.533508, 2554304530.0
2018-12-06, -0.104557, -0.000244, 0.015886, -0.104557, -10.7145, 2310716932.0
2018-12-05, -0.070214, 0.001101, 0.003488, -0.070214, -7.738633, 1990157607.0
2018-12-04, 0.011835, -0.001119, 0.038723, -0.013976, 1.28917, 1748116495.0
2018-12-03, -0.064129, -8.7e-05, 0.001978, -0.077097, -7.463883, 1772756193.0
2018-12-02, -0.018937, -0.003097, 0.016239, -0.02144, -2.246658, 1856199149.0
2018-12-01, 0.048282, 0.002, 0.067774, -0.013716, 5.464142, 2131475768.0
2018-11-30, -0.037188, 0.001578, 0.016004, -0.049324, -4.371231, 2020748396.0
2018-11-29, -0.039982, 0.002316, 0.006466, -0.058318, -4.895356, 2196099151.0
2018-11-28, 0.112972, 0.001709, 0.145787, 0.001709, 12.428002, 2673470000.0
2018-11-27, 0.015461, -0.003895, 0.032372, -0.054304, 1.675003, 2320010000.0
2018-11-26, -0.069687, -0.000919, 0.015036, -0.099244, -8.114998, 2139490000.0
2018-11-25, 0.026045, -0.003242, 0.047465, -0.103301, 2.955994, 2466750000.0
2018-11-24, -0.0795, 6.5e-05, 0.028322, -0.101147, -9.801995, 1800960000.0
2018-11-23, -0.026913, -0.002265, 0.002541, -0.056406, -3.410003, 1998010000.0
2018-11-22, -0.073116, 0.000805, 0.007601, -0.073116, -9.995003, 1792150000.0
2018-11-21, 0.048811, 0.006161, 0.065606, -0.035147, 6.361999, 2685930000.0
2018-11-20, -0.126268, -0.00244, 0.01393, -0.152941, -18.835998, 3134410000.0
2018-11-19, -0.157522, 0.000633, 0.000633, -0.165, -27.891998, 2745160000.0
2018-11-18, 0.017621, 0.001, 0.029603, 0.001, 3.065994, 1810920000.0
2018-11-17, -0.006713, 0.001045, 0.003848, -0.013175, -1.175995, 1832800000.0
2018-11-16, -0.031133, 0.000326, 0.003009, -0.042476, -5.628998, 2015330000.0
2018-11-15, -0.003258, 0.002767, 0.015733, -0.061787, -0.591003, 2638410000.0
2018-11-14, -0.122949, -0.001412, 0.001059, -0.158307, -25.429001, 2595330000.0
2018-11-13, -0.017071, -0.001278, 0.000461, -0.020355, -3.591995, 1610260000.0
2018-11-12, -0.004363, 0.000819, 0.006071, -0.011432, -0.921997, 1452380000.0
2018-11-11, -0.005613, -0.000254, 0.002193, -0.017244, -1.193009, 1501600000.0
2018-11-10, 0.011705, -0.000471, 0.018008, -0.001281, 2.459, 1377760000.0
2018-11-09, -0.010163, -0.00115, 0.005112, -0.012797, -2.156998, 1554750000.0
2018-11-08, -0.022801, 0.000663, 0.005318, -0.022948, -4.951996, 1769080000.0
2018-11-07, -0.005809, 0.002046, 0.014649, -0.007581, -1.268997, 1927830000.0
2018-11-06, 0.04477, 0.001832, 0.04477, -0.005725, 9.360993, 1856940000.0
2018-11-05, 0.007736, -0.00186, 0.016064, -0.0044, 1.605011, 1613510000.0
2018-11-04, 0.036466, -0.00014, 0.055378, -0.005994, 7.299987, 1749300000.0
2018-11-03, -0.002238, 0.000523, 0.000523, -0.005532, -0.44899, 1307150000.0
2018-11-02, 0.008865, 0.000553, 0.012053, -0.000588, 1.763001, 1451870000.0
2018-11-01, 0.007554, 0.00079, 0.032288, -0.000268, 1.490997, 1336700000.0
2018-10-31, -0.000886, 0.000471, 0.003958, -0.005188, -0.175003, 1442380000.0
2018-10-30, 0.001567, -0.000223, 0.004436, -0.004543, 0.309006, 1363500000.0
2018-10-29, -0.039534, -0.000935, 0.001125, -0.046902, -8.119003, 1517230000.0
2018-10-28, 0.005661, 0.001469, 0.008369, -0.003364, 1.15599, 1139140000.0
2018-10-27, 0.004333, 0.000133, 0.01354, -0.000998, 0.881012, 1084810000.0
2018-10-26, 0.003009, -0.001889, 0.010167, -0.005762, 0.610001, 1161310000.0
2018-10-25, -0.005558, 7.8e-05, 0.001374, -0.009953, -1.133011, 1102900000.0
2018-10-24, -0.002369, -0.001023, 0.006093, -0.004806, -0.483994, 1102220000.0
2018-10-23, 0.001431, -0.000137, 0.005425, -0.010454, 0.291993, 1237490000.0
2018-10-22, -0.005352, 0.000156, 0.008726, -0.008604, -1.097992, 1328980000.0
2018-10-21, -0.001402, -0.000195, 0.013265, -0.003938, -0.287995, 1190300000.0
2018-10-20, 0.008359, -0.001041, 0.012247, -0.003151, 1.702988, 1238780000.0
2018-10-19, 0.001844, -0.000467, 0.006447, -0.007416, 0.375, 1264480000.0
2018-10-18, -0.018017, 0.00155, 0.006698, -0.025787, -3.730988, 1365860000.0
2018-10-17, -0.014454, 0.000462, 0.004783, -0.019951, -3.037002, 1444130000.0
2018-10-16, 0.001984, -0.000362, 0.011774, -0.008202, 0.416, 1532280000.0
2018-10-15, 0.071476, -0.002274, 0.134905, -0.00795, 13.988999, 2865830000.0
2018-10-14, -0.020646, -0.000751, 0.009938, -0.023008, -4.126007, 1169260000.0
2018-10-13, 0.015829, -0.001845, 0.023139, -0.001845, 3.113998, 1167610000.0
2018-10-12, 0.038143, -0.004179, 0.052254, -0.004179, 7.228012, 1487900000.0
2018-10-11, -0.160651, -0.000704, -0.000704, -0.161608, -36.270004, 2167620000.0
2018-10-10, -0.009707, -0.00161, -0.001206, -0.015295, -2.212998, 1384040000.0
2018-10-09, -0.005553, 0.001985, 0.003952, -0.012449, -1.27301, 1405130000.0
2018-10-08, 0.013869, 0.001725, 0.020547, -0.006908, 3.136002, 1470740000.0
2018-10-07, 0.004438, 0.001399, 0.005553, -0.009435, 0.999008, 1470480000.0
2018-10-06, -0.010901, -0.000215, 0.001428, -0.014741, -2.481003, 1505070000.0
2018-10-05, 0.024224, 0.00022, 0.027455, -0.005675, 5.382996, 1547330000.0
2018-10-04, 0.007842, -0.000195, 0.025666, -0.00181, 1.729004, 1479500000.0
2018-10-03, -0.029457, -0.003407, -0.003183, -0.058147, -6.692002, 1683930000.0
2018-10-02, -0.015544, 0.001439, 0.001729, -0.021363, -3.587005, 1542080000.0
2018-10-01, -0.008933, 0.001598, 0.00557, -0.025351, -2.080002, 1597500000.0
2018-09-30, 0.005237, -0.001321, 0.023101, -0.013772, 1.213012, 1765560000.0
2018-09-29, 0.041515, -0.003134, 0.052212, -0.028435, 9.233002, 2208720000.0
2018-09-28, -0.026662, 0.002394, 0.014241, -0.042999, -6.09201, 2018120000.0
2018-09-27, 0.058592, -0.001886, 0.068382, -0.014793, 12.647003, 2030320000.0
2018-09-26, -0.012165, 0.00065, 0.013418, -0.042983, -2.658005, 1756100000.0
2018-09-25, -0.044703, -0.001762, -0.001762, -0.097233, -10.224991, 2120360000.0
2018-09-24, -0.063848, 0.002104, 0.003184, -0.068923, -15.600006, 1748740000.0
2018-09-23, 0.01601, 0.002129, 0.029042, -0.010907, 3.850006, 1693470000.0
2018-09-22, -0.024754, 0.003054, 0.018704, -0.051804, -6.104004, 1921820000.0
2018-09-21, 0.097925, 0.002939, 0.105957, -0.013464, 21.992997, 2836200000.0
2018-09-20, 0.069639, 0.001519, 0.07072, -0.010382, 14.622009, 1782070000.0
2018-09-19, -2.9e-05, -0.002396, 0.018555, -0.039619, -0.006012, 1733330000.0
2018-09-18, 0.06115, -0.003942, 0.078241, -0.009809, 12.100006, 1800640000.0
2018-09-17, -0.10297, 0.004502, 0.016646, -0.114607, -22.714005, 2019910000.0
2018-09-16, -0.01114, -0.001215, -0.001215, -0.053597, -2.485, 1502260000.0
2018-09-15, 0.053483, -0.009138, 0.070154, -0.01012, 11.325012, 1670490000.0
2018-09-14, 0.001869, 0.006222, 0.054127, -0.030674, 0.394989, 2232190000.0
2018-09-13, 0.152855, 0.001898, 0.167299, 0.001898, 28.02301, 2330720000.0
2018-09-12, -0.009375, 0.001929, 0.002815, -0.08002, -1.735, 1874850000.0
2018-09-11, -0.060955, 0.005571, 0.007241, -0.083637, -12.013001, 1568900000.0
2018-09-10, 0.000787, 0.004707, 0.025182, -0.037273, 0.154999, 1502960000.0
2018-09-09, -0.005188, 0.002192, 0.049078, -0.048724, -1.027008, 1585980000.0
2018-09-08, -0.088636, 0.003264, 0.014567, -0.110238, -19.251999, 1517200000.0
2018-09-07, -0.056521, -0.002954, 0.015989, -0.057077, -13.011993, 1678260000.0
2018-09-06, -0.009108, -0.00294, -0.002479, -0.061154, -2.115998, 2097310000.0
2018-09-05, -0.186866, 0.001127, 0.00854, -0.186866, -53.391998, 2390390000.0
2018-09-04, -0.012224, 0.000131, 0.008024, -0.017299, -3.536011, 1554870000.0
2018-09-03, -0.017366, 0.002752, 0.004144, -0.023572, -5.111999, 1394490000.0
2018-09-02, -0.003284, 0.000379, 0.011326, -0.014949, -0.970001, 1321050000.0
2018-09-01, 0.043593, 0.001739, 0.064098, 0.001739, 12.337005, 1546630000.0
2018-08-31, -0.003875, 5.3e-05, 0.00157, -0.019683, -1.101013, 1411910000.0
2018-08-30, -0.017998, 0.001524, 0.006674, -0.04874, -5.207001, 1513100000.0
2018-08-29, -0.024239, -0.001133, 0.001929, -0.031069, -7.186981, 1474460000.0
2018-08-28, 0.038151, 0.003662, 0.041306, -0.007111, 10.895996, 1513350000.0
2018-08-27, 0.037813, 0.000556, 0.037813, -0.005621, 10.406006, 1406790000.0
2018-08-26, -0.015909, -0.000433, -0.000433, -0.025754, -4.449005, 1206650000.0
2018-08-25, -0.011736, 0.00111, 0.001937, -0.015889, -3.321014, 1208360000.0
2018-08-24, 0.021158, 0.003634, 0.022367, -0.011707, 5.863006, 1450170000.0
2018-08-23, 0.021239, 0.0015, 0.030239, -0.000925, 5.763001, 1271160000.0
2018-08-22, -0.037607, 8.5e-05, 0.055124, -0.060104, -10.602997, 1507660000.0
2018-08-21, 0.027811, -0.003587, 0.042488, -0.003587, 7.628998, 1164120000.0
2018-08-20, -0.088152, 0.001818, 0.011761, -0.090824, -26.519013, 1413790000.0
2018-08-19, 0.016977, -0.00048, 0.038153, -0.015145, 5.022003, 1447910000.0
2018-08-18, -0.063083, 0.003364, 0.01494, -0.092415, -19.916992, 1764020000.0
2018-08-17, 0.096106, -0.00126, 0.097637, -0.00243, 27.683014, 1995460000.0
2018-08-16, 0.020123, 0.001335, 0.057061, -0.005086, 5.681976, 1552970000.0
2018-08-15, 0.012304, 0.005216, 0.088401, 0.004255, 3.432007, 1878150000.0
2018-08-14, -0.026398, -0.000454, -0.000454, -0.111154, -7.562988, 2137850000.0
2018-08-13, -0.103498, 0.002003, 0.012457, -0.108383, -33.075012, 1751190000.0
2018-08-12, -0.007892, -0.004002, 0.020111, -0.010897, -2.541993, 1625420000.0
2018-08-11, -0.036101, 0.000263, 0.000263, -0.07687, -12.063995, 1790370000.0
2018-08-10, -0.085922, 0.000514, 0.003985, -0.098477, -31.412018, 1699400000.0
2018-08-09, 0.025167, 0.001004, 0.040192, -0.00841, 8.975006, 1616610000.0
2018-08-08, -0.062075, -0.00085, 0.001199, -0.069647, -23.601989, 2016080000.0
2018-08-07, -0.065025, 0.000352, 0.011673, -0.075201, -26.442994, 1828350000.0
2018-08-06, -0.009398, 0.000124, 0.009802, -0.017541, -3.858001, 1384880000.0
2018-08-05, 0.008015, 0.000231, 0.015872, -0.011835, 3.263977, 1396820000.0
2018-08-04, -0.026323, -6e-05, 0.0046, -0.034634, -11.009979, 1466540000.0
2018-08-03, 0.013671, -0.000131, 0.019214, -0.030806, 5.640991, 1722340000.0
2018-08-02, -0.019313, 0.00014, 0.010189, -0.024808, -8.126007, 1569300000.0
2018-08-01, -0.03024, 5e-06, 0.003665, -0.053941, -13.119995, 1888060000.0
2018-07-31, -0.050787, 0.000359, 0.000359, -0.058276, -23.21399, 1820680000.0
2018-07-30, -0.020537, 0.000347, 0.002758, -0.038623, -9.584015, 2141590000.0
2018-07-29, -0.000499, 3.6e-05, 0.007406, -0.008966, -0.233001, 1631910016.0
2018-07-28, -0.005893, 2.6e-05, 0.004105, -0.014216, -2.767975, 1531890048.0
2018-07-27, 0.01213, -6e-05, 0.019794, -0.012383, 5.628998, 1734259968.0
2018-07-26, -0.017897, -0.000343, 0.02371, -0.023427, -8.456024, 1621560064.0
2018-07-25, -0.014352, 0.001112, 0.007291, -0.026908, -6.879975, 1930780032.0
2018-07-24, 0.063258, 0.000628, 0.067182, -0.000639, 28.519989, 2287520000.0
2018-07-23, -0.019153, -0.000474, 0.021992, -0.021601, -8.804016, 1596999936.0
2018-07-22, -0.006009, 4e-06, 0.018299, -0.009335, -2.778992, 1338589952.0
2018-07-21, 0.026044, -4.2e-05, 0.038574, -0.010921, 11.738007, 1504310016.0
2018-07-20, -0.04029, -0.000664, -0.000664, -0.055206, -18.92099, 1821350016.0
2018-07-19, -0.022672, 0.000239, 0.005675, -0.031989, -10.894012, 2068739968.0
2018-07-18, -0.040896, -0.000327, 0.024812, -0.053179, -20.489014, 2371559936.0
2018-07-17, 0.042325, -0.001209, 0.058507, -0.024431, 20.344024, 2288100096.0
2018-07-16, 0.068485, 0.001278, 0.068485, -0.006784, 30.807984, 1858680064.0
2018-07-15, 0.031563, -0.000466, 0.041081, -0.004965, 13.764007, 1350160000.0
2018-07-14, 0.004744, 0.001115, 0.012458, -0.005882, 2.058991, 1235820032.0
2018-07-13, 0.009191, 0.001551, 0.028574, 0.001551, 3.953003, 1489670016.0
2018-07-12, -0.036827, -3.6e-05, -3.6e-05, -0.053095, -16.444, 1495440000.0
2018-07-11, 0.027839, 0.000209, 0.029676, -0.011318, 12.093994, 1422470016.0
2018-07-10, -0.08865, -0.001091, 0.003432, -0.089624, -42.257996, 1789069952.0
2018-07-09, -0.025427, -0.000493, 0.003543, -0.028508, -12.436981, 1533799936.0
2018-07-08, -0.005168, 0.00083, 0.023469, -0.006596, -2.541016, 1344560000.0
2018-07-07, 0.037231, 9.5e-05, 0.037231, -0.015139, 17.648011, 1358360064.0
2018-07-06, -0.000843, -0.000116, 0.011045, -0.035406, -0.399994, 1627609984.0
2018-07-05, 0.01518, -6.6e-05, 0.034039, -0.005754, 7.093994, 1828610048.0
2018-07-04, 0.006728, -9.5e-05, 0.037142, -0.01941, 3.122986, 1549769984.0
2018-07-03, -0.023461, 8.2e-05, 0.017896, -0.026854, -11.151978, 1683939968.0
2018-07-02, 0.047209, -0.000207, 0.055543, -0.014996, 21.428986, 1625789952.0
2018-07-01, -0.002773, 0.000136, 0.004304, -0.019322, -1.261994, 1511730048.0
2018-06-30, 0.043969, 0.000459, 0.052265, 0.000459, 19.17099, 1475939968.0
2018-06-29, 0.032304, 0.000526, 0.045998, -0.034136, 13.644013, 1564499968.0
2018-06-28, -0.045212, -0.00017, 0.002833, -0.051274, -20.0, 1360790016.0
2018-06-27, 0.022166, -0.00122, 0.026506, -0.018331, 9.592987, 1368940032.0
2018-06-26, -0.059825, 0.000919, 0.001962, -0.059825, -27.537995, 1356560000.0
2018-06-25, 0.005764, -0.003793, 0.027688, -0.019175, 2.638001, 4007950080.0
2018-06-24, -0.035505, 0.000523, 0.001768, -0.101262, -16.847992, 2490579968.0
2018-06-23, 0.018683, 0.000981, 0.028578, -0.00735, 8.703003, 1651379968.0
2018-06-22, -0.116712, -0.000328, -0.000328, -0.133664, -61.550018, 2226030080.0
2018-06-21, -0.016598, 0.000334, 0.01389, -0.022394, -8.901001, 1462070016.0
2018-06-20, -0.00314, 0.001021, 0.005685, -0.034553, -1.688965, 1596290048.0
2018-06-19, 0.036744, 0.000254, 0.045216, -0.00497, 19.065979, 1726569984.0
2018-06-18, 0.036853, -0.002128, 0.042658, -0.012753, 18.442993, 1513869952.0
2018-06-17, 0.001613, -0.000364, 0.016009, -0.001989, 0.806, 1264870016.0
2018-06-16, 0.017593, -0.001202, 0.024886, -0.004385, 8.638, 1314109952.0
2018-06-15, -0.055293, 0.00142, 0.003007, -0.062094, -28.738006, 1808269952.0
2018-06-14, 0.088479, 0.001858, 0.096443, -0.021001, 42.248016, 2458650112.0
2018-06-13, -0.038944, 0.002365, 0.010188, -0.076159, -19.348999, 2080130048.0
2018-06-12, -0.068333, -0.001076, 0.010634, -0.078849, -36.44101, 1932760064.0
2018-06-11, 0.012925, -0.003081, 0.019714, -0.021292, 6.804993, 1982119936.0
2018-06-10, -0.118955, -0.005384, -0.005384, -0.143371, -71.083008, 2234880000.0
2018-06-09, -0.005848, -0.000286, 0.012488, -0.005848, -3.515014, 1519309952.0
2018-06-08, -0.006791, 0.000423, 0.005988, -0.015853, -4.109986, 1637779968.0
2018-06-07, -0.00319, 0.000927, 0.014857, -0.008946, -1.937011, 1880140032.0
2018-06-06, -0.003576, 0.001574, 0.00384, -0.021183, -2.178956, 1756530048.0
2018-06-05, 0.027518, 0.00071, 0.030937, -0.020242, 16.317994, 1844269952.0
2018-06-04, -0.040988, 0.001792, 0.008248, -0.055928, -25.343994, 1903430016.0
2018-06-03, 0.044814, -0.000928, 0.055263, -0.000928, 26.520996, 1832550016.0
2018-06-02, 0.020283, 0.000665, 0.029367, -0.004691, 11.764953, 1880390016.0
2018-06-01, 0.004151, 0.001778, 0.019818, -0.017277, 2.39801, 1945890048.0
2018-05-31, 0.032265, -0.001953, 0.04637, -0.004511, 18.054993, 1985040000.0
2018-05-30, -0.010255, 0.00255, 0.031391, -0.035298, -5.797973, 2053970048.0
2018-05-29, 0.095637, 0.000217, 0.108961, 0.000217, 49.351989, 2330820096.0
2018-05-28, -0.098892, 0.000658, 0.005904, -0.104975, -56.632019, 2356900096.0
2018-05-27, -0.024881, 0.002111, 0.00519, -0.041571, -14.611999, 1788790016.0
2018-05-26, 0.000931, 0.001179, 0.033134, -0.005491, 0.54602, 1694300032.0
2018-05-25, -0.024962, 0.00064, 0.025643, -0.043425, -15.020996, 2110919936.0
2018-05-24, 0.031135, 0.00163, 0.046665, -0.045202, 18.169983, 2791099904.0
2018-05-23, -0.099046, -0.001654, 0.006013, -0.115461, -64.156006, 2995429888.0
2018-05-22, -0.073626, 0.001367, 0.002509, -0.078939, -51.480957, 2230469888.0
2018-05-21, -0.022572, 0.00255, 0.005464, -0.031977, -16.147034, 2005170048.0
2018-05-20, 0.027047, 0.002, 0.039084, -0.005543, 18.83899, 2156910080.0
2018-05-19, 0.003115, 0.001015, 0.030547, -0.010911, 2.163025, 2021549952.0
2018-05-18, 0.032275, -0.000825, 0.033262, -0.013154, 21.710022, 2305740032.0
2018-05-17, -0.048643, 0.002359, 0.016665, -0.05405, -34.393006, 2350619904.0
2018-05-16, -0.002569, -0.001106, 0.001875, -0.037144, -1.820984, 2476130048.0
2018-05-15, -0.029674, 0.000813, 0.011639, -0.040455, -21.678039, 2523069952.0
2018-05-14, -0.004018, -0.00104, 0.011826, -0.051403, -2.946961, 3005110016.0
2018-05-13, 0.069161, 0.001643, 0.080554, -0.015639, 47.447998, 2362500096.0
2018-05-12, 0.009509, 0.000428, 0.0174, -0.052267, 6.461975, 2668480000.0
2018-05-11, -0.065575, -0.000363, 0.013337, -0.078996, -47.690979, 3290080000.0
2018-05-10, -0.03323, 0.000404, 0.019239, -0.034045, -24.998046, 2748950016.0
2018-05-09, -0.000773, 6e-05, 0.008862, -0.045673, -0.581971, 2877870080.0
2018-05-08, -0.001152, 0.001704, 0.02723, -0.033959, -0.867981, 2920489984.0
2018-05-07, -0.048701, 0.001297, 0.004351, -0.103663, -38.585998, 4316120064.0
2018-05-06, -0.029173, -3.9e-05, 0.023204, -0.062781, -23.809021, 3105570048.0
2018-05-05, 0.038818, -0.001325, 0.053246, -0.001766, 30.495972, 3035040000.0
2018-05-04, 0.007801, -0.003551, 0.031048, -0.021693, 6.080993, 3533410048.0
2018-05-03, 0.13446, -0.000812, 0.141442, -0.000812, 92.394043, 4210939904.0
2018-05-02, 0.020095, 0.000686, 0.022608, -0.009194, 13.536011, 2822269952.0
2018-05-01, 0.005507, 0.000805, 0.006686, -0.04834, 3.688965, 2678960128.0
2018-04-30, -0.027518, 0.001277, 0.008068, -0.033045, -18.95697, 2853100032.0
2018-04-29, 0.00761, 0.000342, 0.020592, -0.019256, 5.203002, 2740559872.0
2018-04-28, 0.056637, -0.003688, 0.068637, -0.003688, 36.645997, 2496659968.0
2018-04-27, -0.023803, -0.001056, 0.033281, -0.023803, -15.777039, 2598129920.0
2018-04-26, 0.07701, 0.004327, 0.077614, -0.018539, 47.393005, 2984009984.0
2018-04-25, -0.130962, -0.001548, -0.001548, -0.152432, -92.742004, 4216140032.0
2018-04-24, 0.102109, 0.001323, 0.103225, 0.001323, 65.610046, 3581860096.0
2018-04-23, 0.033268, -0.001063, 0.039945, -0.001327, 20.687989, 2386830080.0
2018-04-22, 0.027197, 0.001196, 0.058428, -0.019039, 16.464965, 2426269952.0
2018-04-21, -0.016766, 0.000465, 0.010021, -0.060365, -10.322998, 2612460032.0
2018-04-20, 0.084223, 0.000176, 0.0895, -0.013393, 47.829041, 2849469952.0
2018-04-19, 0.082128, -0.001431, 0.082128, -0.00291, 43.099976, 2256869888.0
2018-04-18, 0.043538, 0.000825, 0.04414, 0.0003, 21.894989, 1762940032.0
2018-04-17, -0.016146, -4e-06, 0.013468, -0.016792, -8.252991, 1760359936.0
2018-04-16, -0.038659, 0.0007, 0.004692, -0.059153, -20.555023, 1758979968.0
2018-04-15, 0.06027, 0.002796, 0.06027, 0.002796, 30.224029, 1726089984.0
2018-04-14, 0.017744, -0.000315, 0.039147, -0.009043, 8.743012, 1519079936.0
2018-04-13, -0.000418, 0.000444, 0.068018, -0.020859, -0.206025, 2419249920.0
2018-04-12, 0.144937, -0.00088, 0.145208, -0.03049, 62.401001, 2519360000.0
2018-04-11, 0.039342, 0.001885, 0.039342, -0.004278, 16.296998, 1439040000.0
2018-04-10, 0.039438, 0.002221, 0.043566, -0.01166, 15.71701, 1196000000.0
2018-04-09, -0.004949, 0.000871, 0.071766, -0.024714, -1.981995, 1478390016.0
2018-04-08, 0.039433, 0.001113, 0.044836, 0.000747, 15.194001, 948488000.0
2018-04-07, 0.040588, 0.000257, 0.061504, -0.000943, 15.028991, 951475008.0
2018-04-06, -0.033784, -0.001307, 0.005122, -0.042588, -12.946991, 967105984.0
2018-04-05, 0.007066, -0.001566, 0.018849, -0.028189, 2.688996, 1210680064.0
2018-04-04, -0.087193, -0.000979, 0.001389, -0.099745, -36.350006, 1287730048.0
2018-04-03, 0.078846, 0.002295, 0.084216, -0.007487, 30.468017, 1363399936.0
2018-04-02, 0.017961, 0.000242, 0.041, -0.005306, 6.817993, 1102259968.0
2018-04-01, -0.042501, 0.00201, 0.010268, -0.08236, -16.850006, 1256930048.0
2018-03-31, 0.004591, 0.00091, 0.060366, -0.004287, 1.812012, 1323920000.0
2018-03-30, 0.022481, -0.000163, 0.06208, -0.044913, 8.677002, 1878130048.0
2018-03-29, -0.135142, 0.004024, 0.01016, -0.135489, -60.311005, 1970230016.0
2018-03-28, -0.008524, 0.000389, 0.035757, -0.011675, -3.837005, 1514179968.0
2018-03-27, -0.081304, -0.000737, 0.003078, -0.0816, -39.834992, 1617939968.0
2018-03-26, -0.065491, 0.0, 0.00399, -0.102705, -34.335998, 1638880000.0
2018-03-25, -0.004088, -0.007097, 0.017822, -0.020477, -2.152039, 1151170048.0
2018-03-24, -0.024425, 0.005472, 0.01068, -0.02509, -13.179993, 1300009984.0
2018-03-23, -0.000154, 0.0003, 0.001454, -0.051093, -0.083007, 1596349952.0
2018-03-22, -0.039218, 0.000661, 0.028188, -0.068793, -22.029969, 1523459968.0
2018-03-21, 0.008179, 0.003455, 0.058208, -0.011851, 4.557007, 1781270016.0
2018-03-20, 0.000806, -7e-06, 0.018616, -0.063805, 0.448975, 1833680000.0
2018-03-19, 0.03357, 0.014819, 0.03612, -0.036241, 18.082031, 2046790016.0
2018-03-18, -0.025571, -0.00206, -0.00206, -0.167682, -14.13501, 2685499904.0
2018-03-17, -0.081253, 2e-05, 0.01244, -0.087374, -48.887024, 1267810048.0
2018-03-16, -0.015766, 0.000775, 0.019408, -0.038348, -9.638, 1417350016.0
2018-03-15, -0.004863, 0.000892, 0.010296, -0.056628, -2.987, 1770460032.0
2018-03-14, -0.110789, 0.000567, 0.017308, -0.140016, -76.53601, 1810560000.0
2018-03-13, -0.012866, -0.002398, 0.019868, -0.024979, -9.003968, 1425959936.0
2018-03-12, -0.032499, 0.001475, 0.026509, -0.055397, -23.507995, 1764999936.0
2018-03-11, 0.053064, -0.002297, 0.07125, -0.027322, 36.448974, 1562680064.0
2018-03-10, -0.057655, 0.001707, 0.026224, -0.063411, -42.026001, 1532960000.0
2018-03-09, 0.034516, -0.003405, 0.034857, -0.080172, 24.320008, 2233019904.0
2018-03-08, -0.064071, -0.000347, 0.02781, -0.075265, -48.234986, 1891640064.0
2018-03-07, -0.078487, -0.000832, 0.010596, -0.11066, -64.119995, 2175419904.0
2018-03-06, -0.043029, 0.000156, 0.000156, -0.051252, -36.733032, 1943069952.0
2018-03-05, -0.014993, 0.000194, 0.003741, -0.015182, -12.993958, 1898489984.0
2018-03-04, 0.011027, -0.001212, 0.012511, -0.019767, 9.453003, 1697939968.0
2018-03-03, 0.000434, -0.000166, 0.013539, -0.001921, 0.371949, 1699369984.0
2018-03-02, -0.017596, -0.0005, 0.00479, -0.022676, -15.346985, 1894419968.0
2018-03-01, 0.01988, 0.000951, 0.029353, -0.003834, 17.001037, 1868519936.0
2018-02-28, -0.026263, -0.000377, 0.013484, -0.026349, -23.06604, 1963980032.0
2018-02-27, 0.010295, 0.001208, 0.030994, -0.002551, 8.950013, 2053980032.0
2018-02-26, 0.029007, 0.000554, 0.042118, -0.002949, 24.505004, 2044480000.0
2018-02-25, 0.00511, -0.001256, 0.015028, -0.021575, 4.294983, 1646960000.0
2018-02-24, -0.027394, -0.003004, 0.017753, -0.052811, -23.674011, 1926579968.0
2018-02-23, 0.063166, -0.00155, 0.09039, -0.022211, 51.344055, 2334820096.0
2018-02-22, -0.043679, -0.000834, 0.030536, -0.055652, -37.126037, 2150370048.0
2018-02-21, -0.050705, -0.00138, 0.018991, -0.072381, -45.399964, 2531729920.0
2018-02-20, -0.051378, -0.000316, 0.022673, -0.053939, -48.494018, 2545260032.0
2018-02-19, 0.021586, -0.002439, 0.036644, -0.002562, 19.943969, 2169019904.0
2018-02-18, -0.051528, -0.000786, 0.009052, -0.060229, -50.193969, 2567290112.0
2018-02-17, 0.031672, 0.00057, 0.034298, -0.00366, 29.904968, 2525720064.0
2018-02-16, 0.007721, -0.002337, 0.013905, -0.020415, 7.234009, 2369449984.0
2018-02-15, 0.014525, 0.000181, 0.030736, -0.01348, 13.415039, 2900100096.0
2018-02-14, 0.092638, -0.001158, 0.096031, -0.001158, 78.302978, 2818370048.0
2018-02-13, -0.026993, 0.000675, 0.002305, -0.045896, -23.448974, 2081170048.0
2018-02-12, 0.066343, 0.003496, 0.075218, 0.003496, 54.046997, 2243450112.0
2018-02-11, -0.053178, -0.00131, -0.00131, -0.083905, -45.755005, 2486650112.0
2018-02-10, -0.026531, -0.001582, 0.037941, -0.065947, -23.450012, 2930530048.0
2018-02-09, 0.080775, 0.000823, 0.080945, -0.035428, 66.057983, 2495820032.0
2018-02-08, 0.080229, -0.001618, 0.116262, -0.001618, 60.739014, 3708189952.0
2018-02-07, -0.045458, -0.003397, 0.073227, -0.087867, -36.054016, 3896179968.0
2018-02-06, 0.136358, 0.014021, 0.14111, -0.176992, 95.17102, 6518269952.0
2018-02-05, -0.163812, 0.000331, 0.026314, -0.227731, -136.731018, 4269530112.0
2018-02-04, -0.134164, 0.000672, 0.0052, -0.164888, -129.336975, 2997090048.0
2018-02-03, 0.05267, 0.003741, 0.083161, -0.074357, 48.234009, 3243480064.0
2018-02-02, -0.116711, -0.000984, -0.000984, -0.268917, -121.005066, 6713290240.0
2018-02-01, -0.072896, 0.000948, 0.038487, -0.119369, -81.52002, 5261680128.0
2018-01-31, 0.044047, -3.7e-05, 0.05371, -0.034198, 47.180054, 3757560064.0
2018-01-30, -0.094075, 0.001497, 0.00192, -0.104359, -111.22998, 4107859968.0
2018-01-29, -0.051083, 0.000554, 0.008579, -0.061741, -63.650025, 3715079936.0
2018-01-28, 0.125503, 0.004255, 0.136125, 0.004255, 138.940064, 5372329984.0
2018-01-27, 0.049186, 0.00055, 0.063317, -0.012368, 51.899902, 3002870016.0
2018-01-26, -0.000814, -0.003153, 0.023266, -0.056103, -0.859985, 3617690112.0
2018-01-25, -0.002597, 0.004193, 0.043333, -0.022705, -2.75, 4050190080.0
2018-01-24, 0.073564, 0.001265, 0.077275, -0.020706, 72.551025, 3944039936.0
2018-01-23, -0.016976, 0.000907, 0.019905, -0.082451, -17.031006, 3556699904.0
2018-01-22, -0.044132, 0.005497, 0.037653, -0.113225, -46.319946, 3810099968.0
2018-01-21, -0.091391, 0.000459, 0.000459, -0.115699, -105.570068, 3378089984.0
2018-01-20, 0.111683, 0.00563, 0.123193, 0.00563, 116.050048, 3975190016.0
2018-01-19, 0.002721, -0.007199, 0.054946, -0.03143, 2.819947, 4084450048.0
2018-01-18, 0.021721, 0.002159, 0.084851, -0.045838, 22.030029, 5938319872.0
2018-01-17, -0.03743, 0.00726, 0.034678, -0.258869, -39.439941, 8545160192.0
2018-01-16, -0.1844, 0.00055, 0.00055, -0.322292, -238.230103, 8405139968.0
2018-01-15, -0.054764, -0.001141, 0.017428, -0.05573, -74.849976, 4781100032.0
2018-01-14, -0.021233, 0.000759, 0.002965, -0.078923, -29.650024, 4841630208.0
2018-01-13, 0.09678, -0.002144, 0.125416, -0.002144, 123.220093, 5746760192.0
2018-01-12, 0.102404, 0.002909, 0.122181, -0.030166, 118.269897, 5222300160.0
2018-01-11, -0.080338, 0.009771, 0.064882, -0.096073, -100.889892, 7235899904.0
2018-01-10, -0.033791, 0.000462, 0.09051, -0.056273, -43.920044, 9214950400.0
2018-01-09, 0.131655, -0.002203, 0.150148, -0.002647, 151.209961, 7965459968.0
2018-01-08, -0.004024, 0.004414, 0.09865, -0.118907, -4.640015, 8450970112.0
2018-01-07, 0.107029, 0.001277, 0.107029, 0.001277, 111.48999, 5569880064.0
2018-01-06, 0.044061, -0.002572, 0.063134, -0.003105, 43.960083, 4662219776.0
2018-01-05, 0.017125, -0.005273, 0.096305, -0.025075, 16.797974, 6683149824.0
2018-01-04, 0.018907, -0.001046, 0.085549, -0.017278, 18.202026, 6502859776.0
2018-01-03, 0.088503, 0.001759, 0.101789, -0.018083, 78.276001, 5093159936.0
2018-01-02, 0.144702, -0.000382, 0.18403, -0.000382, 111.802979, 5783349760.0
2018-01-01, 0.021022, -0.00129, 0.03409, -0.019464, 15.90802, 2595760128.0
2017-12-31, 0.055037, -0.007034, 0.060077, -0.009952, 39.475952, 2554269952.0
2017-12-30, -0.048216, 0.000296, 0.000296, -0.090713, -36.334961, 3187780096.0
2017-12-29, 0.022481, 0.004567, 0.044902, -0.010061, 16.56897, 2648969984.0
2017-12-28, -0.033846, -0.000831, 0.000625, -0.080823, -25.81897, 2389149952.0
2017-12-27, -0.014207, 0.001465, 0.019923, -0.045776, -10.994019, 2100029952.0
2017-12-26, 0.010449, -0.003217, 0.027364, -0.006397, 8.002015, 2201159936.0
2017-12-25, 0.103272, 0.006803, 0.127311, 0.006803, 71.685974, 2491760128.0
2017-12-24, -0.035084, 0.003311, 0.003311, -0.145214, -25.239014, 2300549888.0
2017-12-23, 0.06598, 0.009566, 0.131931, 0.007218, 44.527039, 2480339968.0
2017-12-22, -0.178066, 0.001924, 0.008063, -0.337734, -146.203003, 4977710080.0
2017-12-21, 0.002414, 0.001404, 0.075031, -0.032227, 1.976989, 3569060096.0
2017-12-20, -0.009358, 0.000838, 0.022059, -0.085652, -7.736999, 3969939968.0
2017-12-19, 0.040494, -0.000936, 0.109859, -0.011707, 32.177978, 4096549888.0
2017-12-18, 0.103712, 0.00244, 0.116605, -0.042701, 74.670044, 3249230080.0
2017-12-17, 0.034136, 4e-05, 0.056902, 4e-05, 23.765992, 2147389952.0
2017-12-16, 0.017183, 0.002548, 0.049583, -0.00535, 11.760986, 2165690112.0
2017-12-15, -0.016338, 0.000805, 0.001891, -0.107435, -11.367981, 2758710016.0
2017-12-14, -0.009891, -0.003092, 0.071651, -0.053756, -6.95105, 3821580032.0
2017-12-13, 0.078805, -0.010016, 0.148231, -0.082331, 51.335999, 4524539904.0
2017-12-12, 0.264581, 0.01388, 0.276009, -0.020659, 136.295044, 5179829760.0
2017-12-11, 0.166202, -0.003086, 0.170352, -0.005925, 73.414978, 1771440000.0
2017-12-10, -0.067119, -0.001506, -0.001506, -0.092899, -31.781006, 1404179968.0
2017-12-09, 0.038311, 0.002879, 0.10551, 0.000487, 17.471008, 2003849984.0
2017-12-08, 0.049776, 0.001338, 0.072867, -0.027718, 21.623016, 2336379904.0
2017-12-07, 0.013579, -0.005178, 0.029886, -0.033078, 5.819977, 2129570048.0
2017-12-06, -0.074885, -0.001461, -0.001237, -0.09297, -34.692993, 1998259968.0
2017-12-05, -0.014723, 0.000191, 0.007133, -0.026678, -6.923004, 1216720000.0
2017-12-04, 0.00934, 0.000431, 0.019156, -0.02692, 4.351013, 1005550016.0
2017-12-03, 0.005187, 0.000552, 0.041785, -0.025023, 2.403992, 990556992.0
2017-12-02, -0.006625, 0.000667, 0.020789, -0.021192, -3.091004, 943649984.0
2017-12-01, 0.043448, -0.004261, 0.057021, -0.042052, 19.425995, 1247879936.0
2017-11-30, 0.045824, 0.008636, 0.088823, -0.06147, 19.591004, 1903040000.0
2017-11-29, -0.095959, 0.000801, 0.104472, -0.101144, -45.378998, 2675940096.0
2017-11-28, -0.015516, 0.000339, 0.004424, -0.029162, -7.453003, 1346499968.0
2017-11-27, 0.019148, 0.000426, 0.046836, -0.006036, 9.025024, 1396480000.0
2017-11-26, 0.010839, -0.000648, 0.013827, -0.031462, 5.053986, 1197779968.0
2017-11-25, -0.018182, 0.001611, 0.021648, -0.02918, -8.63501, 1422080000.0
2017-11-24, 0.157851, 0.005693, 0.17263, -0.018061, 64.745026, 2292829952.0
2017-11-23, 0.077535, 0.002067, 0.117945, -0.01199, 29.513977, 1845680000.0
2017-11-22, 0.05619, -0.000247, 0.058321, -0.000705, 20.251007, 800819008.0
2017-11-21, -0.017258, 0.001944, 0.015652, -0.04373, -6.32901, 949912000.0
2017-11-20, 0.034832, -0.000824, 0.050089, -0.003095, 12.344025, 807027008.0
2017-11-19, 0.019487, -0.000607, 0.068119, -0.008262, 6.773986, 1181529984.0
2017-11-18, 0.045783, -0.001246, 0.051812, -0.014161, 15.217988, 649638976.0
2017-11-17, 0.004442, -0.002288, 0.012208, -0.010277, 1.470001, 621732992.0
2017-11-16, -0.007298, 0.000258, 0.008405, -0.029251, -2.432984, 797254016.0
2017-11-15, -0.012659, 0.000986, 0.009718, -0.023156, -4.274017, 722665984.0
2017-11-14, 0.066037, 0.000148, 0.074076, 0.000148, 20.915009, 1069680000.0
2017-11-13, 0.028606, -0.002868, 0.066601, -0.002868, 8.808013, 1041889984.0
2017-11-12, -0.021523, 2.9e-05, 0.014211, -0.051379, -6.77301, 1613479936.0
2017-11-11, 0.051555, -0.002229, 0.067501, -0.003546, 15.428009, 842300992.0
2017-11-10, -0.067411, -0.000664, 0.011948, -0.082092, -21.631012, 885985984.0
2017-11-09, 0.038224, -0.001375, 0.065946, -0.006516, 11.813996, 893249984.0
2017-11-08, 0.048907, -0.001317, 0.081596, -0.005281, 14.41101, 967955968.0
2017-11-07, -0.014162, -0.001084, 0.019907, -0.027184, -4.233001, 540766016.0
2017-11-06, 0.008874, 0.000554, 0.030892, -0.008594, 2.628998, 579358976.0
2017-11-05, -0.013998, -0.001438, 0.003002, -0.017812, -4.205994, 337657984.0
2017-11-04, -0.017147, -0.000752, -0.000752, -0.032413, -5.242005, 416479008.0
2017-11-03, 0.063605, 0.003716, 0.072658, 0.000919, 18.282013, 646339968.0
2017-11-02, -0.014622, -0.003322, 0.007587, -0.036072, -4.265014, 904900992.0
2017-11-01, -0.046375, -0.000383, 0.001707, -0.050007, -14.184998, 553864000.0
2017-10-31, -0.006083, -0.001212, 0.009089, -0.006083, -1.872009, 369583008.0
2017-10-30, 0.008729, -0.001003, 0.017726, -0.002412, 2.662994, 331441984.0
2017-10-29, 0.029666, 0.00028, 0.058917, 0.00028, 8.790009, 551752000.0
2017-10-28, -0.003782, 0.001654, 0.009865, -0.012904, -1.125, 264424000.0
2017-10-27, 0.003022, -6.4e-05, 0.009203, -0.008323, 0.895996, 257168992.0
2017-10-26, -0.004692, 0.000326, 0.010543, -0.009069, -1.39798, 270272992.0
2017-10-25, -0.001351, 0.000365, 0.011802, -0.025509, -0.403015, 325040000.0
2017-10-24, 0.039651, 0.000592, 0.087151, -0.014957, 11.377991, 684281024.0
2017-10-23, -0.028757, -0.001185, 0.001022, -0.060488, -8.496002, 482336000.0
2017-10-22, -0.015793, 0.001206, 0.017706, -0.024561, -4.740998, 327387008.0
2017-10-21, -0.012562, -0.001428, -0.00025, -0.040256, -3.819, 408014016.0
2017-10-20, -0.013249, -0.000136, 0.010873, -0.014911, -4.082001, 396672992.0
2017-10-19, -0.019824, 0.000697, 0.00762, -0.027014, -6.230987, 349830016.0
2017-10-18, -0.008714, -0.000435, 0.000486, -0.083404, -2.763001, 606113984.0
2017-10-17, -0.048899, 0.0003, 0.0003, -0.064781, -16.302002, 509924000.0
2017-10-16, -0.00954, 0.000345, 0.037879, -0.013527, -3.210998, 692884992.0
2017-10-15, -0.00893, -0.000291, 0.009095, -0.056535, -3.03299, 635406976.0
2017-10-14, 0.002571, 0.00028, 0.027211, -0.011982, 0.871002, 516561984.0
2017-10-13, 0.113834, -0.000187, 0.146185, -0.014727, 34.621003, 1304359936.0
2017-10-12, 0.002241, 0.000138, 0.018767, -0.000547, 0.679992, 527556992.0
2017-10-11, 0.011959, 0.004372, 0.015073, -0.002581, 3.585999, 264146000.0
2017-10-10, 0.008332, 0.000703, 0.029463, -0.014187, 2.477997, 359705984.0
2017-10-09, -0.036344, 0.000191, 0.002284, -0.066178, -11.216004, 559467008.0
2017-10-08, -0.008087, -0.000209, 0.004558, -0.009951, -2.515991, 293167008.0
2017-10-07, 0.008218, 0.000985, 0.014719, -0.011708, 2.53598, 342204992.0
2017-10-06, 0.04301, -0.002393, 0.043861, -0.003093, 12.725006, 318664000.0
2017-10-05, 0.010951, 0.000393, 0.018393, -0.013046, 3.205017, 253747008.0
2017-10-04, 0.000667, 0.000995, 0.023699, -0.005361, 0.194977, 257906000.0
2017-10-03, -0.016848, 2.7e-05, 0.008861, -0.031404, -5.011993, 321680000.0
2017-10-02, -0.016081, 0.00048, 0.001928, -0.02565, -4.862, 339443008.0
2017-10-01, 0.002893, 0.000272, 0.005732, -0.021243, 0.87201, 306184992.0
2017-09-30, 0.034302, 3.4e-05, 0.042876, -0.001218, 9.997986, 332439008.0
2017-09-29, -0.025699, -0.000117, 0.002571, -0.064789, -7.687989, 541374976.0
2017-09-28, -0.023859, 1.3e-05, 0.002385, -0.035883, -7.312011, 501894016.0
2017-09-27, 0.066202, -0.001454, 0.071588, -0.00215, 19.029022, 550243968.0
2017-09-26, -0.016741, 4.8e-05, 0.004851, -0.018171, -4.894013, 345800992.0
2017-09-25, 0.034866, -0.000938, 0.039054, -0.002149, 9.848999, 483160992.0
2017-09-24, -0.012877, 0.000161, 0.023692, -0.028081, -3.684997, 571411008.0
2017-09-23, 0.082698, 0.001093, 0.082698, -0.012069, 21.858001, 450934016.0
2017-09-22, 0.02216, -0.001802, 0.046253, -0.009135, 5.730011, 430080992.0
2017-09-21, -0.088679, -0.001688, 0.010108, -0.10124, -25.162017, 601265984.0
2017-09-20, 0.003317, -0.00279, 0.028578, -0.016814, 0.938018, 421404000.0
2017-09-19, -0.036433, 0.000542, 0.007738, -0.064781, -10.693023, 646908992.0
2017-09-18, 0.165832, 0.001899, 0.165832, 0.001899, 41.748016, 1127750016.0
2017-09-17, 0.021203, -0.00273, 0.042487, -0.045765, 5.22699, 427452000.0
2017-09-16, -0.015739, 0.001605, 0.048426, -0.048873, -3.942002, 711737024.0
2017-09-15, 0.170896, 0.006138, 0.209188, -0.08823, 36.556, 1935699968.0
2017-09-14, -0.228081, -0.001895, 0.013453, -0.228081, -63.203995, 1184589952.0
2017-09-13, -0.049241, -0.001173, -0.001173, -0.105859, -14.351989, 921692032.0
2017-09-12, -0.010417, 0.000333, 0.056574, -0.024799, -3.068024, 753144000.0
2017-09-11, 0.020035, 0.003456, 0.041354, -0.007141, 5.785004, 571307008.0
2017-09-10, -0.019218, -0.001158, 0.001219, -0.086384, -5.65799, 698326016.0
2017-09-09, -0.007056, -0.001106, 0.011447, -0.031289, -2.09201, 528620992.0
2017-09-08, -0.099964, 0.000631, 0.000631, -0.134387, -32.931, 1098780032.0
2017-09-07, -0.014686, -0.00245, -0.00245, -0.043067, -4.910004, 718624000.0
2017-09-06, 0.068213, 0.002601, 0.069236, 0.001604, 21.350006, 1058830016.0
2017-09-05, 0.060362, 0.008117, 0.079279, -0.091086, 17.817017, 1551049984.0
2017-09-04, -0.150548, -0.00101, -0.00101, -0.194383, -52.313019, 1801689984.0
2017-09-03, -0.004298, 0.003567, 0.050154, -0.048002, -1.5, 986265984.0
2017-09-02, -0.099956, 0.000214, 0.004157, -0.153829, -38.756988, 1483600000.0
2017-09-01, 0.012268, 0.00111, 0.01828, 0.00111, 4.699005, 874222016.0
2017-08-31, 0.01204, -0.000116, 0.020223, -0.00563, 4.557007, 706254016.0
2017-08-30, 0.021092, -0.003221, 0.04878, -0.02346, 7.817993, 1333319936.0
2017-08-29, 0.06591, 0.000627, 0.074813, 0.000124, 22.919983, 1220029952.0
2017-08-28, -0.00042, 0.00618, 0.011961, -0.027267, -0.145996, 854318976.0
2017-08-27, 0.041964, 0.001423, 0.041964, 0.001423, 14.011016, 633369984.0
2017-08-26, 0.005926, 0.000226, 0.009249, -0.012039, 1.96698, 514180992.0
2017-08-25, 0.019361, 0.001529, 0.033129, 0.000568, 6.304017, 760329024.0
2017-08-24, 0.025485, -0.000224, 0.032883, -0.00138, 8.09198, 697665024.0
2017-08-23, 0.008685, 0.001528, 0.029941, -0.000781, 2.734008, 811990016.0
2017-08-22, -0.021164, -0.001667, 0.017942, -0.073628, -6.805999, 1336400000.0
2017-08-21, 0.066892, -0.003158, 0.15135, -0.013914, 20.162994, 2448969984.0
2017-08-20, 0.013306, -0.002777, 0.013306, -0.0198, 3.958008, 571947008.0
2017-08-19, 0.00636, 0.001999, 0.020559, -0.031824, 1.880005, 860201984.0
2017-08-18, -0.019462, 0.000796, 0.021572, -0.029716, -5.867005, 936160000.0
2017-08-17, -0.00268, 0.00178, 0.028984, -0.006673, -0.809997, 909494016.0
2017-08-16, 0.042955, 3e-06, 0.046909, -0.015296, 12.449005, 967643008.0
2017-08-15, -0.034252, -0.000483, 0.00104, -0.069211, -10.278992, 1051800000.0
2017-08-14, 0.006821, -0.000111, 0.029333, -0.005542, 2.03299, 864390976.0
2017-08-13, -0.040364, -0.000757, 0.000692, -0.068535, -12.537018, 1369369984.0
2017-08-12, 0.005624, -0.000499, 0.028155, -0.003134, 1.736999, 1111650048.0
2017-08-11, 0.04384, -0.004721, 0.045006, -0.004721, 12.972016, 953576000.0
2017-08-10, -0.000456, 0.003155, 0.035693, -0.02061, -0.13501, 1076819968.0
2017-08-09, -0.0025, 0.002908, 0.073953, -0.067659, -0.742004, 2638579968.0
2017-08-08, 0.102493, -0.000297, 0.110435, -0.008857, 27.589019, 1502409984.0
2017-08-07, 0.029105, -0.001262, 0.039745, -0.018649, 7.613007, 935726976.0
2017-08-06, 0.019727, -0.000343, 0.056692, -0.014249, 5.059997, 1482979968.0
2017-08-05, 0.149879, -0.000991, 0.149879, -0.005025, 33.433991, 1332999936.0
2017-08-04, -0.010069, -0.000151, 0.010114, -0.014578, -2.268997, 539782976.0
2017-08-03, 0.024505, 0.001037, 0.037917, -0.000291, 5.389999, 557217024.0
2017-08-02, -0.030061, 0.001045, 0.012096, -0.038149, -6.817001, 632606016.0
2017-08-01, 0.112316, 0.004007, 0.117099, 0.004007, 22.897995, 1585330048.0
2017-07-31, 0.029766, -0.002894, 0.029766, -0.023068, 5.893005, 569414016.0
2017-07-30, -0.037956, 0.004602, 0.013373, -0.046844, -7.811004, 596233984.0
2017-07-29, 0.065585, 0.001129, 0.08055, -0.069779, 12.666, 824355008.0
2017-07-28, -0.054792, 3.4e-05, 0.002834, -0.0588, -11.194992, 562571008.0
2017-07-27, 0.00179, 0.004427, 0.012214, -0.013204, 0.36499, 393283008.0
2017-07-26, -0.013338, 0.001819, 0.019626, -0.057694, -2.757004, 717692032.0
2017-07-25, -0.080107, -0.001504, 0.002728, -0.128458, -18.000992, 1095760000.0
2017-07-24, -0.005488, 0.001478, 0.007024, -0.015481, -1.240005, 431691008.0
2017-07-23, -0.015361, -0.001538, 0.009604, -0.051221, -3.524994, 649614976.0
2017-07-22, 0.051172, -0.002038, 0.065922, -0.006583, 11.171005, 618259968.0
2017-07-21, -0.039425, -0.005298, 0.034554, -0.062724, -8.960006, 1006129984.0
2017-07-20, 0.138015, 0.028637, 0.171259, 0.017591, 27.561996, 2224999936.0
2017-07-19, -0.147992, 0.002346, 0.048039, -0.181944, -34.688003, 2328790016.0
2017-07-18, 0.211799, 0.008287, 0.385485, -0.058757, 40.96701, 2709260032.0
2017-07-17, 0.229158, 0.0167, 0.237603, 0.004328, 36.060989, 1669500032.0
2017-07-16, -0.077888, -0.006334, 0.007963, -0.216413, -13.291992, 1516889984.0
2017-07-15, -0.145281, 0.000235, 0.002499, -0.145281, -29.007004, 810451968.0
2017-07-14, -0.048018, -0.000973, 0.006523, -0.106607, -10.070999, 749382016.0
2017-07-13, -0.091176, 0.004498, 0.004498, -0.13307, -21.041, 828489024.0
2017-07-12, 0.169044, -0.001277, 0.169044, -0.039589, 33.369995, 1241190016.0
2017-07-11, -0.083364, -0.017794, 0.022911, -0.148428, -17.952988, 1440950016.0
2017-07-10, -0.110599, 0.00361, 0.003857, -0.186556, -26.779998, 937219008.0
2017-07-09, -0.037982, 0.000497, 0.01354, -0.037982, -9.560013, 505118016.0
2017-07-08, 0.023196, -0.000411, 0.111736, -0.038375, 5.706009, 754958016.0
2017-07-07, -0.090771, -0.000736, 0.012545, -0.097487, -24.558014, 687251968.0
2017-07-06, 0.006604, 0.000313, 0.036097, -0.012137, 1.775024, 623080000.0
2017-07-05, -0.016571, -0.000746, 0.006667, -0.04338, -4.529022, 790256000.0
2017-07-04, -0.033917, -0.002499, 0.015871, -0.034596, -9.595001, 687691008.0
2017-07-03, -0.017671, 0.001483, 0.010823, -0.02365, -5.08899, 851408000.0
2017-07-02, 0.048747, 0.001901, 0.07614, -0.043995, 13.385987, 1123330048.0
2017-07-01, -0.068884, -0.0053, -0.00396, -0.089174, -20.314972, 1089200000.0
2017-06-30, -0.026304, 0.000888, 0.040573, -0.047675, -7.967011, 1011800000.0
2017-06-29, -0.076371, 0.001339, 0.008481, -0.093173, -25.044006, 1508579968.0
2017-06-28, 0.118869, -0.000157, 0.136532, -0.056891, 34.838989, 2056550016.0
2017-06-27, 0.074795, 0.0, 0.074795, -0.167057, 20.396027, 1973869952.0
2017-06-26, -0.100762, -0.000966, 0.027074, -0.213024, -30.556, 2081810048.0
2017-06-25, -0.06317, -0.000711, 0.0281, -0.120638, -20.448028, 1186880000.0
2017-06-24, -0.052798, -0.000334, 0.005507, -0.057506, -18.043, 673585024.0
2017-06-23, 0.015959, 0.000339, 0.03459, -0.004106, 5.368012, 593206976.0
2017-06-22, -0.001487, 0.002556, 0.015303, -0.018553, -0.501007, 925766976.0
2017-06-21, -0.061651, 0.00149, 0.006512, -0.110099, -22.132996, 1420130048.0
2017-06-20, -0.029863, 0.000732, 0.021383, -0.051652, -11.050995, 1020390016.0
2017-06-19, -0.003774, 0.001093, 0.015229, -0.004563, -1.402008, 685171968.0
2017-06-18, -0.020969, 0.000277, 0.029432, -0.027859, -7.955993, 904702976.0
2017-06-17, 0.024815, -0.000929, 0.024815, -0.016814, 9.187011, 904652992.0
2017-06-16, 0.022916, -0.002075, 0.030729, -0.056685, 8.293976, 1096280064.0
2017-06-15, 0.008021, -0.001521, 0.015001, -0.162519, 2.880005, 2463450112.0
2017-06-14, -0.096806, 0.000131, 0.004495, -0.139162, -38.483978, 1272579968.0
2017-06-13, -0.009846, -0.014456, 0.02413, -0.078291, -3.953003, 1717379968.0
2017-06-12, 0.178742, 0.001629, 0.217689, 0.001629, 60.880981, 2882650112.0
2017-06-11, 0.00871, 0.003335, 0.045438, -0.05774, 2.94101, 1373219968.0
2017-06-10, 0.198522, 0.000983, 0.24322, 0.000983, 55.930999, 1611629952.0
2017-06-09, 0.076705, 0.000317, 0.080618, 0.000317, 20.071015, 557985984.0
2017-06-08, 0.01393, -0.00031, 0.016201, -0.015872, 3.594971, 385494016.0
2017-06-07, -0.024181, -0.000779, 0.000787, -0.039423, -6.394989, 461648992.0
2017-06-06, 0.064404, 0.000543, 0.076671, -0.00654, 16.001998, 741553024.0
2017-06-05, 0.012766, -0.000285, 0.016863, -0.009306, 3.132004, 435660000.0
2017-06-04, 0.093397, -0.001154, 0.116028, -0.00176, 20.955994, 753820032.0
2017-06-03, 0.002686, -0.00139, 0.009822, -0.019466, 0.601013, 427896000.0
2017-06-02, 0.006911, 0.000211, 0.032272, -0.011947, 1.535996, 469532000.0
2017-06-01, -0.036546, 0.000941, 0.024069, -0.070183, -8.430008, 812924032.0
2017-05-31, -0.005355, -0.001436, 0.021793, -0.070471, -1.241989, 1271600000.0
2017-05-30, 0.189842, 0.003612, 0.199072, -0.028813, 37.001998, 1586669952.0
2017-05-29, 0.143088, -0.002205, 0.15609, -0.035077, 24.397995, 718828032.0
2017-05-28, 0.080839, 0.006713, 0.140576, -0.000976, 12.753006, 717971008.0
2017-05-27, -0.01649, -0.003653, 0.040828, -0.249123, -2.645004, 1217059968.0
2017-05-26, -0.080501, 0.00442, 0.110304, -0.138541, -14.042999, 792457984.0
2017-05-25, -0.082085, -0.001037, 0.110173, -0.102812, -15.600006, 943636992.0
2017-05-24, 0.044484, 0.003831, 0.255133, 0.002721, 8.094009, 561014016.0
2017-05-23, 0.044135, -0.019758, 0.053299, -0.024842, 7.690994, 530708992.0
2017-05-22, 0.103358, 0.001494, 0.277383, -0.03459, 16.324006, 1188909952.0
2017-05-21, 0.248307, 0.00803, 0.256914, -0.004995, 31.415992, 570361024.0
2017-05-20, -0.023207, -0.002355, 0.031762, -0.037251, -3.005989, 331455008.0
2017-05-19, 0.336621, 0.001512, 0.378259, 0.001512, 32.62069, 626945024.0
2017-05-18, 0.078409, -0.000223, 0.083554, -0.000223, 7.045906, 196236992.0
2017-05-17, 0.004723, -0.002099, 0.020475, -0.055994, 0.422393, 183031008.0
2017-05-16, -0.032212, -0.000294, 0.012338, -0.035679, -2.976898, 152284992.0
2017-05-15, 0.017937, -2.6e-05, 0.051153, -0.043589, 1.628403, 170999008.0
2017-05-14, -0.000538, 0.000398, 0.004546, -0.013534, -0.048904, 66046600.0
2017-05-13, 0.02459, 0.00044, 0.058168, -0.022505, 2.18, 88742200.0
2017-05-12, -0.013622, -0.005019, 0.036086, -0.013622, -1.224297, 145824992.0
2017-05-11, 0.003963, 0.002746, 0.145469, -0.011717, 0.354798, 132722000.0
2017-05-10, -0.017968, -0.000129, 0.018472, -0.064463, -1.638001, 145602000.0
2017-05-09, -0.002817, -0.002105, 0.017899, -0.120657, -0.2575, 363433984.0
2017-05-08, -0.027518, -0.002769, 0.012016, -0.047791, -2.586898, 231344000.0
2017-05-07, -0.038913, 0.000572, 0.004351, -0.081247, -3.806198, 183295008.0
2017-05-06, 0.036176, 0.005441, 0.036837, -0.03653, 3.415, 151462000.0
2017-05-05, -0.026633, -0.002544, 0.064462, -0.049092, -2.582901, 331928000.0
2017-05-04, 0.216553, 2.8e-05, 0.223835, -0.003601, 17.263199, 366847008.0
2017-05-03, 0.031766, -0.000127, 0.036647, -0.019419, 2.454399, 141922000.0
2017-05-02, 0.012672, 0.004671, 0.040058, -0.025167, 0.966805, 193772992.0
2017-05-01, -0.034474, 0.003802, 0.044326, -0.075101, -2.724205, 376841984.0
2017-04-30, 0.155671, 0.002394, 0.155671, -0.000427, 10.644302, 229944992.0
2017-04-29, -0.025404, 0.017537, 0.024882, -0.04818, -1.782303, 165448000.0
2017-04-28, 0.128547, 0.000952, 0.139603, -0.000555, 7.991501, 346545984.0
2017-04-27, 0.179199, 0.00162, 0.179199, -0.008188, 9.447403, 246775008.0
2017-04-26, 0.056705, 0.000365, 0.071067, 0.000365, 2.829098, 104884000.0
2017-04-25, -0.002804, 0.000861, 0.005439, -0.004489, -0.140301, 38264600.0
2017-04-24, 0.031805, 0.007783, 0.034896, 0.007783, 1.542202, 55580600.0
2017-04-23, -0.001312, 0.000814, 0.00685, -0.007927, -0.063701, 36234000.0
2017-04-22, 0.006814, -0.000871, 0.010735, -0.001064, 0.328601, 37357600.0
2017-04-21, -0.029147, -0.000582, -0.000211, -0.03084, -1.447799, 45048300.0
2017-04-20, 0.028297, -0.003581, 0.034855, -0.003581, 1.366897, 79600896.0
2017-04-19, -0.047374, 0.000424, 0.004743, -0.067978, -2.402198, 76281000.0
2017-04-18, 0.049745, 0.000298, 0.056425, -0.000155, 2.4029, 78748496.0
2017-04-17, -0.008496, -0.001207, 0.000552, -0.013685, -0.413898, 44013300.0
2017-04-16, -0.0078, -0.001297, 0.000847, -0.018619, -0.383003, 31343800.0
2017-04-15, 0.032106, 0.001673, 0.041953, -0.008381, 1.527401, 66207800.0
2017-04-14, -0.052675, -0.004938, -0.003371, -0.068836, -2.645298, 91674400.0
2017-04-13, 0.08495, 0.000503, 0.099952, 0.000503, 3.932098, 157200000.0
2017-04-12, 0.066351, 0.001281, 0.088114, -0.006847, 2.8801, 88045696.0
2017-04-11, -0.000645, 0.001524, 0.018823, -0.00312, -0.028, 38303300.0
2017-04-10, 0.003888, 0.000245, 0.020082, -0.019682, 0.168202, 44061500.0
2017-04-09, -0.023475, -0.000603, 0.004139, -0.03192, -1.0401, 55143000.0
2017-04-08, 0.050863, -0.008638, 0.072166, -0.010241, 2.144497, 74138800.0
2017-04-07, -0.024964, -0.008718, 0.018394, -0.036911, -1.079499, 81474704.0
2017-04-06, -0.045513, -0.001843, 0.007458, -0.097186, -2.061901, 147120000.0
2017-04-05, 0.014831, 0.00043, 0.071715, -0.002325, 0.662102, 119733000.0
2017-04-04, 0.006436, -0.009798, 0.031184, -0.059396, 0.285499, 157568000.0
2017-04-03, -0.090101, 0.001487, 0.001487, -0.109521, -4.392299, 190512992.0
2017-04-02, -0.038478, 0.000767, 0.011341, -0.104019, -1.950802, 134604000.0
2017-04-01, 0.013234, -7.2e-05, 0.037792, -0.023223, 0.662201, 92461904.0
2017-03-31, -0.041538, -0.00866, -0.00838, -0.092432, -2.168499, 151416000.0
2017-03-30, -0.017323, -3e-05, 0.003537, -0.023704, -0.9203, 86885696.0
2017-03-29, 0.046306, -0.004049, 0.060938, -0.004459, 2.3512, 144998000.0
2017-03-28, 0.022309, 0.000876, 0.025961, -0.010506, 1.107998, 97745296.0
2017-03-27, -0.016917, 0.015647, 0.038386, -0.031507, -0.854698, 118978000.0
2017-03-26, -0.014213, -0.009368, 0.010788, -0.038363, -0.728401, 106859000.0
2017-03-25, -0.034976, 0.00882, 0.00882, -0.090304, -1.857498, 223059008.0
2017-03-24, 0.215876, -0.000925, 0.239624, -0.010822, 9.4291, 297046016.0
2017-03-23, 0.03156, 0.005269, 0.056981, -0.024552, 1.3363, 100724000.0
2017-03-22, -0.018612, -0.000524, 0.008659, -0.080132, -0.803002, 113952000.0
2017-03-21, -0.005649, 0.002756, 0.020099, -0.023496, -0.245102, 91265400.0
2017-03-20, -0.030172, 0.00209, 0.033277, -0.051305, -1.349899, 154700992.0
2017-03-19, 0.309714, 0.040091, 0.375753, 0.034584, 10.579903, 239430000.0
2017-03-18, -0.270518, 0.000987, 0.000987, -0.32301, -12.667801, 262180000.0
2017-03-17, 0.010404, -0.008982, 0.189206, -0.17561, 0.482201, 497534016.0
2017-03-16, 0.322054, 0.008598, 0.345559, 0.008598, 11.289897, 454417984.0
2017-03-15, 0.223395, -0.000332, 0.223395, -0.007726, 6.401301, 170344000.0
2017-03-14, 0.002158, -0.000734, 0.046865, -0.044682, 0.061701, 101797000.0
2017-03-13, 0.219953, 0.002867, 0.305751, 0.002867, 5.155199, 255488000.0
2017-03-12, 0.091522, -0.000354, 0.091522, -0.004331, 1.9652, 74628896.0
2017-03-11, 0.110706, 0.002188, 0.116691, -0.016827, 2.1402, 69150096.0
2017-03-10, 0.088855, -0.000777, 0.107245, -0.004359, 1.5776, 87506800.0
2017-03-09, 0.066265, -0.000673, 0.073346, -0.017104, 1.1034, 31418400.0
2017-03-08, -0.118447, -0.000323, -0.000323, -0.118447, -2.237299, 44304600.0
2017-03-07, -0.036576, -0.001357, 0.001234, -0.049124, -0.717101, 37972200.0
2017-03-06, 0.015718, -0.001036, 0.041446, -0.009714, 0.303401, 32432700.0
2017-03-05, 0.036705, -0.006236, 0.043198, -0.020764, 0.683399, 26816300.0
2017-03-04, -0.043173, 0.002986, 0.030629, -0.043173, -0.8401, 27341900.0
2017-03-03, 0.022533, 0.000662, 0.086032, -0.032527, 0.428801, 95863400.0
2017-03-02, 0.09686, 0.000323, 0.115466, -0.022807, 1.680498, 83627104.0
2017-03-01, 0.096888, 0.001897, 0.098241, -0.01633, 1.532501, 44927500.0
2017-02-28, 0.027324, 0.00352, 0.043055, -0.017744, 0.4207, 65478900.0
2017-02-27, 0.060365, -0.000978, 0.079559, -0.016942, 0.8765, 31667000.0
2017-02-26, 0.07169, -0.002288, 0.073394, -0.011322, 0.9713, 20307500.0
2017-02-25, 0.036689, -0.000413, 0.050095, -0.006772, 0.4795, 18533900.0
2017-02-24, -0.003826, 0.001136, 0.008606, -0.018034, -0.0502, 19574400.0
2017-02-23, 0.041247, -0.000127, 0.048263, -0.002849, 0.5197, 14522300.0
2017-02-22, -0.005423, 0.001484, 0.007428, -0.009141, -0.0687, 10360900.0
2017-02-21, 0.019171, -0.007072, 0.027417, -0.017699, 0.2383, 15183300.0
2017-02-20, -0.02574, 0.000525, 0.010832, -0.02574, -0.3284, 12994400.0
2017-02-19, -0.004036, 0.000578, 0.004926, -0.007478, -0.0517, 7799740.0
2017-02-18, 0.010547, 0.002516, 0.011778, 0.000181, 0.1337, 9370010.0
2017-02-17, -0.017607, -0.000403, 0.000341, -0.01853, -0.2272, 11636500.0
2017-02-16, -0.001238, 0.000101, 0.000101, -0.029025, -0.016, 38002600.0
2017-02-15, -0.0081, 0.001113, 0.001113, -0.029796, -0.1055, 18464700.0
2017-02-14, 0.155792, 0.0015, 0.182901, 0.0015, 1.7557, 42911500.0
2017-02-13, -0.011378, -0.001369, -0.000377, -0.019747, -0.1297, 7216520.0
2017-02-12, 0.004379, 0.000335, 0.004564, -0.004009, 0.0497, 6264900.0
2017-02-11, 0.006259, 0.001055, 0.013556, -0.003236, 0.0706, 7544520.0
2017-02-10, 0.022362, 0.00116, 0.028326, -0.022752, 0.2467, 11914200.0
2017-02-09, -0.034904, 0.000411, 0.014592, -0.066196, -0.399, 18400300.0
2017-02-08, -0.007303, 0.002162, 0.009995, -0.023612, -0.0841, 9688630.0
2017-02-07, 0.011054, 0.003152, 0.019351, 0.002248, 0.1259, 7629640.0
2017-02-06, 0.003206, 7.9e-05, 0.010781, -0.00074, 0.0364, 5695440.0
2017-02-05, -0.007041, 0.000761, 0.004601, -0.010198, -0.0805, 5942960.0
2017-02-04, 0.028701, 0.001278, 0.034819, 0.001278, 0.319, 14139500.0
2017-02-03, 0.027085, -0.000822, 0.027085, -0.006136, 0.2931, 12897800.0
2017-02-02, 0.008321, 0.000317, 0.014536, -0.016791, 0.0893, 10172500.0
2017-02-01, 0.000429, 0.001286, 0.011158, -0.015931, 0.0046, 12852200.0
2017-01-31, 0.014785, -0.000662, 0.016791, -0.002478, 0.1563, 11648700.0
2017-01-30, 0.008317, 0.000935, 0.021938, -0.001669, 0.0872, 8042180.0
2017-01-29, -0.007667, -0.000312, 0.000445, -0.010724, -0.081, 4689950.0
2017-01-28, 0.002629, 9.5e-05, 0.004356, -0.010249, 0.0277, 6580700.0
2017-01-27, -0.004892, -0.000472, 0.00169, -0.013863, -0.0518, 7189170.0
2017-01-26, 0.00176, -0.000312, 0.009195, -0.005392, 0.0186, 8465020.0
2017-01-25, -0.005831, -0.001317, -0.001317, -0.013967, -0.062, 6751450.0
2017-01-24, -0.017402, -0.008585, -0.004482, -0.023057, -0.1883, 8327330.0
2017-01-23, 0.010987, 0.000626, 0.01322, -0.003195, 0.1176, 7267210.0
2017-01-22, -0.018883, 8.2e-05, 0.005738, -0.030516, -0.206, 8678620.0
2017-01-21, 0.029112, -0.000481, 0.035583, -0.001943, 0.3086, 11937600.0
2017-01-20, 0.019563, -0.001, 0.035154, -0.004338, 0.2034, 10992800.0
2017-01-19, 0.016563, 0.001242, 0.021138, -0.004781, 0.1694, 8347550.0
2017-01-18, -0.007231, -0.000573, 0.020821, -0.035624, -0.0745, 10788200.0
2017-01-17, 0.069091, 0.000324, 0.101064, -0.009535, 0.6658, 18391900.0
2017-01-16, -0.027035, -0.002093, 0.002187, -0.032379, -0.26776, 14937400.0
2017-01-15, 0.026704, 0.018923, 0.036589, -0.005105, 0.2576, 14837900.0
2017-01-14, -0.012574, 0.001735, 0.01242, -0.03332, -0.12284, 20085800.0
2017-01-13, -0.009312, -0.003459, -0.000762, -0.035183, -0.09183, 25066600.0
2017-01-12, 0.014774, 0.000374, 0.037688, -0.055793, 0.14357, 30453800.0
2017-01-11, -0.07885, -0.000768, 0.010835, -0.103587, -0.83184, 26823500.0
2017-01-10, 0.021694, 0.004252, 0.035272, -0.003467, 0.224, 10879700.0
2017-01-09, 0.003479, 0.002332, 0.048009, -0.014889, 0.0358, 25718300.0
2017-01-08, 0.04283, 0.000546, 0.053471, -0.003881, 0.42261, 16676600.0
2017-01-07, -0.037789, -0.001346, 0.002506, -0.065224, -0.38751, 23153600.0
2017-01-06, 2.9e-05, 0.003062, 0.03655, -0.061155, 0.0003, 29471800.0
2017-01-05, -0.088627, 0.003128, 0.056819, -0.164325, -0.9972, 41557400.0
2017-01-04, 0.156947, -0.001641, 0.159497, -0.017011, 1.52635, 41051200.0
2017-01-03, 0.160737, -0.000469, 0.193148, -0.007321, 1.34674, 33625200.0
2017-01-02, 0.025199, -0.000208, 0.032274, -0.014458, 0.20594, 14579600.0
